668
668.01
668.02
668.03
668.04
668.05
668.06
668.07
668.08
668.09
668.1
668.11
668.12
668.13
668.14
668.15
668.16
668.17
668.18
668.19
668.2
668.21
668.22
668.23
668.24
668.25
668.26
668.27
668.28
668.29
668.3
668.31
668.32
668.33
668.34
668.35
668.36
668.37
668.38
668.39
668.4
668.41
668.42
668.43
668.44
668.45
668.46
668.47
668.48
668.49
668.5
668.51
668.52
668.53
668.54
668.55
668.56
668.57
668.58
668.59
668.6
668.61
668.62
668.63
668.64
668.65
668.66
668.67
668.68
668.69
668.7
668.71
668.72
668.73
668.74
668.75
668.76
668.77
668.78
668.79
668.8
668.81
668.82
668.83
668.84
668.85
668.86
668.87
668.88
668.89
668.9
668.91
668.92
668.93
668.94
668.95
668.96
668.97
668.98
668.99
669
669.01
669.02
669.03
669.04
669.05
669.06
669.07
669.08
669.09
669.1
669.11
669.12
669.13
669.14
669.15
669.16
669.17
669.18
669.19
669.2
669.21
669.22
669.23
669.24
669.25
669.26
669.27
669.28
669.29
669.3
669.31
669.32
669.33
669.34
669.35
669.36
669.37
669.38
669.39
669.4
669.41
669.42
669.43
669.44
669.45
669.46
669.47
669.48
669.49
669.5
669.51
669.52
669.53
669.54
669.55
669.56
669.57
669.58
669.59
669.6
669.61
669.62
669.63
669.64
669.65
669.66
669.67
669.68
669.69
669.7
669.71
669.72
669.73
669.74
669.75
669.76
669.77
669.78
669.79
669.8
669.81
669.82
669.83
669.84
669.85
669.86
669.87
669.88
669.89
669.9
669.91
669.92
669.93
669.94
669.95
669.96
669.97
669.98
669.99
670
670.01
670.02
670.03
670.04
670.05
670.06
670.07
670.08
670.09
670.1
670.11
670.12
670.13
670.14
670.15
670.16
670.17
670.18
670.19
670.2
670.21
670.22
670.23
670.24
670.25
670.26
670.27
670.28
670.29
670.3
670.31
670.32
670.33
670.34
670.35
670.36
670.37
670.38
670.39
670.4
670.41
670.42
670.43
670.44
670.45
670.46
670.47
670.48
670.49
670.5
670.51
670.52
670.53
670.54
670.55
670.56
670.57
670.58
670.59
670.6
670.61
670.62
670.63
670.64
670.65
670.66
670.67
670.68
670.69
670.7
670.71
670.72
670.73
670.74
670.75
670.76
670.77
670.78
670.79
670.8
670.81
670.82
670.83
670.84
670.85
670.86
670.87
670.88
670.89
670.9
670.91
670.92
670.93
670.94
670.95
670.96
670.97
670.98
670.99
671
671.01
671.02
671.03
671.04
671.05
671.06
671.07
671.08
671.09
671.1
671.11
671.12
671.13
671.14
671.15
671.16
671.17
671.18
671.19
671.2
671.21
671.22
671.23
671.24
671.25
671.26
671.27
671.28
671.29
671.3
671.31
671.32
671.33
671.34
671.35
671.36
671.37
671.38
671.39
671.4
671.41
671.42
671.43
671.44
671.45
671.46
671.47
671.48
671.49
671.5
671.51
671.52
671.53
671.54
671.55
671.56
671.57
671.58
671.59
671.6
671.61
671.62
671.63
671.64
671.65
671.66
671.67
671.68
671.69
671.7
671.71
671.72
671.73
671.74
671.75
671.76
671.77
671.78
671.79
671.8
671.81
671.82
671.83
671.84
671.85
671.86
671.87
671.88
671.89
671.9
671.91
671.92
671.93
671.94
671.95
671.96
671.97
671.98
671.99
672
672.01
672.02
672.03
672.04
672.05
672.06
672.07
672.08
672.09
672.1
672.11
672.12
672.13
672.14
672.15
672.16
672.17
672.18
672.19
672.2
672.21
672.22
672.23
672.24
672.25
672.26
672.27
672.28
672.29
672.3
672.31
672.32
672.33
672.34
672.35
672.36
672.37
672.38
672.39
672.4
672.41
672.42
672.43
672.44
672.45
672.46
672.47
672.48
672.49
672.5
672.51
672.52
672.53
672.54
672.55
672.56
672.57
672.58
672.59
672.6
672.61
672.62
672.63
672.64
672.65
672.66
672.67
672.68
672.69
672.7
672.71
672.72
672.73
672.74
672.75
672.76
672.77
672.78
672.79
672.8
672.81
672.82
672.83
672.84
672.85
672.86
672.87
672.88
672.89
672.9
672.91
672.92
672.93
672.94
672.95
672.96
672.97
672.98
672.99
673
673.01
673.02
673.03
673.04
673.05
673.06
673.07
673.08
673.09
673.1
673.11
673.12
673.13
673.14
673.15
673.16
673.17
673.18
673.19
673.2
673.21
673.22
673.23
673.24
673.25
673.26
673.27
673.28
673.29
673.3
673.31
673.32
673.33
673.34
673.35
673.36
673.37
673.38
673.39
673.4
673.41
673.42
673.43
673.44
673.45
673.46
673.47
673.48
673.49
673.5
673.51
673.52
673.53
673.54
673.55
673.56
673.57
673.58
673.59
673.6
673.61
673.62
673.63
673.64
673.65
673.66
673.67
673.68
673.69
673.7
673.71
673.72
673.73
673.74
673.75
673.76
673.77
673.78
673.79
673.8
673.81
673.82
673.83
673.84
673.85
673.86
673.87
673.88
673.89
673.9
673.91
673.92
673.93
673.94
673.95
673.96
673.97
673.98
673.99
674
674.01
674.02
674.03
674.04
674.05
674.06
674.07
674.08
674.09
674.1
674.11
674.12
674.13
674.14
674.15
674.16
674.17
674.18
674.19
674.2
674.21
674.22
674.23
674.24
674.25
674.26
674.27
674.28
674.29
674.3
674.31
674.32
674.33
674.34
674.35
674.36
674.37
674.38
674.39
674.4
674.41
674.42
674.43
674.44
674.45
674.46
674.47
674.48
674.49
674.5
674.51
674.52
674.53
674.54
674.55
674.56
674.57
674.58
674.59
674.6
674.61
674.62
674.63
674.64
674.65
674.66
674.67
674.68
674.69
674.7
674.71
674.72
674.73
674.74
674.75
674.76
674.77
674.78
674.79
674.8
674.81
674.82
674.83
674.84
674.85
674.86
674.87
674.88
674.89
674.9
674.91
674.92
674.93
674.94
674.95
674.96
674.97
674.98
674.99
675
675.01
675.02
675.03
675.04
675.05
675.06
675.07
675.08
675.09
675.1
675.11
675.12
675.13
675.14
675.15
675.16
675.17
675.18
675.19
675.2
675.21
675.22
675.23
675.24
675.25
675.26
675.27
675.28
675.29
675.3
675.31
675.32
675.33
675.34
675.35
675.36
675.37
675.38
675.39
675.4
675.41
675.42
675.43
675.44
675.45
675.46
675.47
675.48
675.49
675.5
675.51
675.52
675.53
675.54
675.55
675.56
675.57
675.58
675.59
675.6
675.61
675.62
675.63
675.64
675.65
675.66
675.67
675.68
675.69
675.7
675.71
675.72
675.73
675.74
675.75
675.76
675.77
675.78
675.79
675.8
675.81
675.82
675.83
675.84
675.85
675.86
675.87
675.88
675.89
675.9
675.91
675.92
675.93
675.94
675.95
675.96
675.97
675.98
675.99
676
676.01
676.02
676.03
676.04
676.05
676.06
676.07
676.08
676.09
676.1
676.11
676.12
676.13
676.14
676.15
676.16
676.17
676.18
676.19
676.2
676.21
676.22
676.23
676.24
676.25
676.26
676.27
676.28
676.29
676.3
676.31
676.32
676.33
676.34
676.35
676.36
676.37
676.38
676.39
676.4
676.41
676.42
676.43
676.44
676.45
676.46
676.47
676.48
676.49
676.5
676.51
676.52
676.53
676.54
676.55
676.56
676.57
676.58
676.59
676.6
676.61
676.62
676.63
676.64
676.65
676.66
676.67
676.68
676.69
676.7
676.71
676.72
676.73
676.74
676.75
676.76
676.77
676.78
676.79
676.8
676.81
676.82
676.83
676.84
676.85
676.86
676.87
676.88
676.89
676.9
676.91
676.92
676.93
676.94
676.95
676.96
676.97
676.98
676.99
677
677.01
677.02
677.03
677.04
677.05
677.06
677.07
677.08
677.09
677.1
677.11
677.12
677.13
677.14
677.15
677.16
677.17
677.18
677.19
677.2
677.21
677.22
677.23
677.24
677.25
677.26
677.27
677.28
677.29
677.3
677.31
677.32
677.33
677.34
677.35
677.36
677.37
677.38
677.39
677.4
677.41
677.42
677.43
677.44
677.45
677.46
677.47
677.48
677.49
677.5
677.51
677.52
677.53
677.54
677.55
677.56
677.57
677.58
677.59
677.6
677.61
677.62
677.63
677.64
677.65
677.66
677.67
677.68
677.69
677.7
677.71
677.72
677.73
677.74
677.75
677.76
677.77
677.78
677.79
677.8
677.81
677.82
677.83
677.84
677.85
677.86
677.87
677.88
677.89
677.9
677.91
677.92
677.93
677.94
677.95
677.96
677.97
677.98
677.99
678
678.01
678.02
678.03
678.04
678.05
678.06
678.07
678.08
678.09
678.1
678.11
678.12
678.13
678.14
678.15
678.16
678.17
678.18
678.19
678.2
678.21
678.22
678.23
678.24
678.25
678.26
678.27
678.28
678.29
678.3
678.31
678.32
678.33
678.34
678.35
678.36
678.37
678.38
678.39
678.4
678.41
678.42
678.43
678.44
678.45
678.46
678.47
678.48
678.49
678.5
678.51
678.52
678.53
678.54
678.55
678.56
678.57
678.58
678.59
678.6
678.61
678.62
678.63
678.64
678.65
678.66
678.67
678.68
678.69
678.7
678.71
678.72
678.73
678.74
678.75
678.76
678.77
678.78
678.79
678.8
678.81
678.82
678.83
678.84
678.85
678.86
678.87
678.88
678.89
678.9
678.91
678.92
678.93
678.94
678.95
678.96
678.97
678.98
678.99
679
679.01
679.02
679.03
679.04
679.05
679.06
679.07
679.08
679.09
679.1
679.11
679.12
679.13
679.14
679.15
679.16
679.17
679.18
679.19
679.2
679.21
679.22
679.23
679.24
679.25
679.26
679.27
679.28
679.29
679.3
679.31
679.32
679.33
679.34
679.35
679.36
679.37
679.38
679.39
679.4
679.41
679.42
679.43
679.44
679.45
679.46
679.47
679.48
679.49
679.5
679.51
679.52
679.53
679.54
679.55
679.56
679.57
679.58
679.59
679.6
679.61
679.62
679.63
679.64
679.65
679.66
679.67
679.68
679.69
679.7
679.71
679.72
679.73
679.74
679.75
679.76
679.77
679.78
679.79
679.8
679.81
679.82
679.83
679.84
679.85
679.86
679.87
679.88
679.89
679.9
679.91
679.92
679.93
679.94
679.95
679.96
679.97
679.98
679.99
680
680.01
680.02
680.03
680.04
680.05
680.06
680.07
680.08
680.09
680.1
680.11
680.12
680.13
680.14
680.15
680.16
680.17
680.18
680.19
680.2
680.21
680.22
680.23
680.24
680.25
680.26
680.27
680.28
680.29
680.3
680.31
680.32
680.33
680.34
680.35
680.36
680.37
680.38
680.39
680.4
680.41
680.42
680.43
680.44
680.45
680.46
680.47
680.48
680.49
680.5
680.51
680.52
680.53
680.54
680.55
680.56
680.57
680.58
680.59
680.6
680.61
680.62
680.63
680.64
680.65
680.66
680.67
680.68
680.69
680.7
680.71
680.72
680.73
680.74
680.75
680.76
680.77
680.78
680.79
680.8
680.81
680.82
680.83
680.84
680.85
680.86
680.87
680.88
680.89
680.9
680.91
680.92
680.93
680.94
680.95
680.96
680.97
680.98
680.99
681
681.01
681.02
681.03
681.04
681.05
681.06
681.07
681.08
681.09
681.1
681.11
681.12
681.13
681.14
681.15
681.16
681.17
681.18
681.19
681.2
681.21
681.22
681.23
681.24
681.25
681.26
681.27
681.28
681.29
681.3
681.31
681.32
681.33
681.34
681.35
681.36
681.37
681.38
681.39
681.4
681.41
681.42
681.43
681.44
681.45
681.46
681.47
681.48
681.49
681.5
681.51
681.52
681.53
681.54
681.55
681.56
681.57
681.58
681.59
681.6
681.61
681.62
681.63
681.64
681.65
681.66
681.67
681.68
681.69
681.7
681.71
681.72
681.73
681.74
681.75
681.76
681.77
681.78
681.79
681.8
681.81
681.82
681.83
681.84
681.85
681.86
681.87
681.88
681.89
681.9
681.91
681.92
681.93
681.94
681.95
681.96
681.97
681.98
681.99
682
682.01
682.02
682.03
682.04
682.05
682.06
682.07
682.08
682.09
682.1
682.11
682.12
682.13
682.14
682.15
682.16
682.17
682.18
682.19
682.2
682.21
682.22
682.23
682.24
682.25
682.26
682.27
682.28
682.29
682.3
682.31
682.32
682.33
682.34
682.35
682.36
682.37
682.38
682.39
682.4
682.41
682.42
682.43
682.44
682.45
682.46
682.47
682.48
682.49
682.5
682.51
682.52
682.53
682.54
682.55
682.56
682.57
682.58
682.59
682.6
682.61
682.62
682.63
682.64
682.65
682.66
682.67
682.68
682.69
682.7
682.71
682.72
682.73
682.74
682.75
682.76
682.77
682.78
682.79
682.8
682.81
682.82
682.83
682.84
682.85
682.86
682.87
682.88
682.89
682.9
682.91
682.92
682.93
682.94
682.95
682.96
682.97
682.98
682.99
683
683.01
683.02
683.03
683.04
683.05
683.06
683.07
683.08
683.09
683.1
683.11
683.12
683.13
683.14
683.15
683.16
683.17
683.18
683.19
683.2
683.21
683.22
683.23
683.24
683.25
683.26
683.27
683.28
683.29
683.3
683.31
683.32
683.33
683.34
683.35
683.36
683.37
683.38
683.39
683.4
683.41
683.42
683.43
683.44
683.45
683.46
683.47
683.48
683.49
683.5
683.51
683.52
683.53
683.54
683.55
683.56
683.57
683.58
683.59
683.6
683.61
683.62
683.63
683.64
683.65
683.66
683.67
683.68
683.69
683.7
683.71
683.72
683.73
683.74
683.75
683.76
683.77
683.78
683.79
683.8
683.81
683.82
683.83
683.84
683.85
683.86
683.87
683.88
683.89
683.9
683.91
683.92
683.93
683.94
683.95
683.96
683.97
683.98
683.99
684
684.01
684.02
684.03
684.04
684.05
684.06
684.07
684.08
684.09
684.1
684.11
684.12
684.13
684.14
684.15
684.16
684.17
684.18
684.19
684.2
684.21
684.22
684.23
684.24
684.25
684.26
684.27
684.28
684.29
684.3
684.31
684.32
684.33
684.34
684.35
684.36
684.37
684.38
684.39
684.4
684.41
684.42
684.43
684.44
684.45
684.46
684.47
684.48
684.49
684.5
684.51
684.52
684.53
684.54
684.55
684.56
684.57
684.58
684.59
684.6
684.61
684.62
684.63
684.64
684.65
684.66
684.67
684.68
684.69
684.7
684.71
684.72
684.73
684.74
684.75
684.76
684.77
684.78
684.79
684.8
684.81
684.82
684.83
684.84
684.85
684.86
684.87
684.88
684.89
684.9
684.91
684.92
684.93
684.94
684.95
684.96
684.97
684.98
684.99
685
685.01
685.02
685.03
685.04
685.05
685.06
685.07
685.08
685.09
685.1
685.11
685.12
685.13
685.14
685.15
685.16
685.17
685.18
685.19
685.2
685.21
685.22
685.23
685.24
685.25
685.26
685.27
685.28
685.29
685.3
685.31
685.32
685.33
685.34
685.35
685.36
685.37
685.38
685.39
685.4
685.41
685.42
685.43
685.44
685.45
685.46
685.47
685.48
685.49
685.5
685.51
685.52
685.53
685.54
685.55
685.56
685.57
685.58
685.59
685.6
685.61
685.62
685.63
685.64
685.65
685.66
685.67
685.68
685.69
685.7
685.71
685.72
685.73
685.74
685.75
685.76
685.77
685.78
685.79
685.8
685.81
685.82
685.83
685.84
685.85
685.86
685.87
685.88
685.89
685.9
685.91
685.92
685.93
685.94
685.95
685.96
685.97
685.98
685.99
686
686.01
686.02
686.03
686.04
686.05
686.06
686.07
686.08
686.09
686.1
686.11
686.12
686.13
686.14
686.15
686.16
686.17
686.18
686.19
686.2
686.21
686.22
686.23
686.24
686.25
686.26
686.27
686.28
686.29
686.3
686.31
686.32
686.33
686.34
686.35
686.36
686.37
686.38
686.39
686.4
686.41
686.42
686.43
686.44
686.45
686.46
686.47
686.48
686.49
686.5
686.51
686.52
686.53
686.54
686.55
686.56
686.57
686.58
686.59
686.6
686.61
686.62
686.63
686.64
686.65
686.66
686.67
686.68
686.69
686.7
686.71
686.72
686.73
686.74
686.75
686.76
686.77
686.78
686.79
686.8
686.81
686.82
686.83
686.84
686.85
686.86
686.87
686.88
686.89
686.9
686.91
686.92
686.93
686.94
686.95
686.96
686.97
686.98
686.99
687
687.01
687.02
687.03
687.04
687.05
687.06
687.07
687.08
687.09
687.1
687.11
687.12
687.13
687.14
687.15
687.16
687.17
687.18
687.19
687.2
687.21
687.22
687.23
687.24
687.25
687.26
687.27
687.28
687.29
687.3
687.31
687.32
687.33
687.34
687.35
687.36
687.37
687.38
687.39
687.4
687.41
687.42
687.43
687.44
687.45
687.46
687.47
687.48
687.49
687.5
687.51
687.52
687.53
687.54
687.55
687.56
687.57
687.58
687.59
687.6
687.61
687.62
687.63
687.64
687.65
687.66
687.67
687.68
687.69
687.7
687.71
687.72
687.73
687.74
687.75
687.76
687.77
687.78
687.79
687.8
687.81
687.82
687.83
687.84
687.85
687.86
687.87
687.88
687.89
687.9
687.91
687.92
687.93
687.94
687.95
687.96
687.97
687.98
687.99
688
688.01
688.02
688.03
688.04
688.05
688.06
688.07
688.08
688.09
688.1
688.11
688.12
688.13
688.14
688.15
688.16
688.17
688.18
688.19
688.2
688.21
688.22
688.23
688.24
688.25
688.26
688.27
688.28
688.29
688.3
688.31
688.32
688.33
688.34
688.35
688.36
688.37
688.38
688.39
688.4
688.41
688.42
688.43
688.44
688.45
688.46
688.47
688.48
688.49
688.5
688.51
688.52
688.53
688.54
688.55
688.56
688.57
688.58
688.59
688.6
688.61
688.62
688.63
688.64
688.65
688.66
688.67
688.68
688.69
688.7
688.71
688.72
688.73
688.74
688.75
688.76
688.77
688.78
688.79
688.8
688.81
688.82
688.83
688.84
688.85
688.86
688.87
688.88
688.89
688.9
688.91
688.92
688.93
688.94
688.95
688.96
688.97
688.98
688.99
689
689.01
689.02
689.03
689.04
689.05
689.06
689.07
689.08
689.09
689.1
689.11
689.12
689.13
689.14
689.15
689.16
689.17
689.18
689.19
689.2
689.21
689.22
689.23
689.24
689.25
689.26
689.27
689.28
689.29
689.3
689.31
689.32
689.33
689.34
689.35
689.36
689.37
689.38
689.39
689.4
689.41
689.42
689.43
689.44
689.45
689.46
689.47
689.48
689.49
689.5
689.51
689.52
689.53
689.54
689.55
689.56
689.57
689.58
689.59
689.6
689.61
689.62
689.63
689.64
689.65
689.66
689.67
689.68
689.69
689.7
689.71
689.72
689.73
689.74
689.75
689.76
689.77
689.78
689.79
689.8
689.81
689.82
689.83
689.84
689.85
689.86
689.87
689.88
689.89
689.9
689.91
689.92
689.93
689.94
689.95
689.96
689.97
689.98
689.99
690
690.01
690.02
690.03
690.04
690.05
690.06
690.07
690.08
690.09
690.1
690.11
690.12
690.13
690.14
690.15
690.16
690.17
690.18
690.19
690.2
690.21
690.22
690.23
690.24
690.25
690.26
690.27
690.28
690.29
690.3
690.31
690.32
690.33
690.34
690.35
690.36
690.37
690.38
690.39
690.4
690.41
690.42
690.43
690.44
690.45
690.46
690.47
690.48
690.49
690.5
690.51
690.52
690.53
690.54
690.55
690.56
690.57
690.58
690.59
690.6
690.61
690.62
690.63
690.64
690.65
690.66
690.67
690.68
690.69
690.7
690.71
690.72
690.73
690.74
690.75
690.76
690.77
690.78
690.79
690.8
690.81
690.82
690.83
690.84
690.85
690.86
690.87
690.88
690.89
690.9
690.91
690.92
690.93
690.94
690.95
690.96
690.97
690.98
690.99
691
691.01
691.02
691.03
691.04
691.05
691.06
691.07
691.08
691.09
691.1
691.11
691.12
691.13
691.14
691.15
691.16
691.17
691.18
691.19
691.2
691.21
691.22
691.23
691.24
691.25
691.26
691.27
691.28
691.29
691.3
691.31
691.32
691.33
691.34
691.35
691.36
691.37
691.38
691.39
691.4
691.41
691.42
691.43
691.44
691.45
691.46
691.47
691.48
691.49
691.5
691.51
691.52
691.53
691.54
691.55
691.56
691.57
691.58
691.59
691.6
691.61
691.62
691.63
691.64
691.65
691.66
691.67
691.68
691.69
691.7
691.71
691.72
691.73
691.74
691.75
691.76
691.77
691.78
691.79
691.8
691.81
691.82
691.83
691.84
691.85
691.86
691.87
691.88
691.89
691.9
691.91
691.92
691.93
691.94
691.95
691.96
691.97
691.98
691.99
692
692.01
692.02
692.03
692.04
692.05
692.06
692.07
692.08
692.09
692.1
692.11
692.12
692.13
692.14
692.15
692.16
692.17
692.18
692.19
692.2
692.21
692.22
692.23
692.24
692.25
692.26
692.27
692.28
692.29
692.3
692.31
692.32
692.33
692.34
692.35
692.36
692.37
692.38
692.39
692.4
692.41
692.42
692.43
692.44
692.45
692.46
692.47
692.48
692.49
692.5
692.51
692.52
692.53
692.54
692.55
692.56
692.57
692.58
692.59
692.6
692.61
692.62
692.63
692.64
692.65
692.66
692.67
692.68
692.69
692.7
692.71
692.72
692.73
692.74
692.75
692.76
692.77
692.78
692.79
692.8
692.81
692.82
692.83
692.84
692.85
692.86
692.87
692.88
692.89
692.9
692.91
692.92
692.93
692.94
692.95
692.96
692.97
692.98
692.99
693
693.01
693.02
693.03
693.04
693.05
693.06
693.07
693.08
693.09
693.1
693.11
693.12
693.13
693.14
693.15
693.16
693.17
693.18
693.19
693.2
693.21
693.22
693.23
693.24
693.25
693.26
693.27
693.28
693.29
693.3
693.31
693.32
693.33
693.34
693.35
693.36
693.37
693.38
693.39
693.4
693.41
693.42
693.43
693.44
693.45
693.46
693.47
693.48
693.49
693.5
693.51
693.52
693.53
693.54
693.55
693.56
693.57
693.58
693.59
693.6
693.61
693.62
693.63
693.64
693.65
693.66
693.67
693.68
693.69
693.7
693.71
693.72
693.73
693.74
693.75
693.76
693.77
693.78
693.79
693.8
693.81
693.82
693.83
693.84
693.85
693.86
693.87
693.88
693.89
693.9
693.91
693.92
693.93
693.94
693.95
693.96
693.97
693.98
693.99
694
694.01
694.02
694.03
694.04
694.05
694.06
694.07
694.08
694.09
694.1
694.11
694.12
694.13
694.14
694.15
694.16
694.17
694.18
694.19
694.2
694.21
694.22
694.23
694.24
694.25
694.26
694.27
694.28
694.29
694.3
694.31
694.32
694.33
694.34
694.35
694.36
694.37
694.38
694.39
694.4
694.41
694.42
694.43
694.44
694.45
694.46
694.47
694.48
694.49
694.5
694.51
694.52
694.53
694.54
694.55
694.56
694.57
694.58
694.59
694.6
694.61
694.62
694.63
694.64
694.65
694.66
694.67
694.68
694.69
694.7
694.71
694.72
694.73
694.74
694.75
694.76
694.77
694.78
694.79
694.8
694.81
694.82
694.83
694.84
694.85
694.86
694.87
694.88
694.89
694.9
694.91
694.92
694.93
694.94
694.95
694.96
694.97
694.98
694.99
695
695.01
695.02
695.03
695.04
695.05
695.06
695.07
695.08
695.09
695.1
695.11
695.12
695.13
695.14
695.15
695.16
695.17
695.18
695.19
695.2
695.21
695.22
695.23
695.24
695.25
695.26
695.27
695.28
695.29
695.3
695.31
695.32
695.33
695.34
695.35
695.36
695.37
695.38
695.39
695.4
695.41
695.42
695.43
695.44
695.45
695.46
695.47
695.48
695.49
695.5
695.51
695.52
695.53
695.54
695.55
695.56
695.57
695.58
695.59
695.6
695.61
695.62
695.63
695.64
695.65
695.66
695.67
695.68
695.69
695.7
695.71
695.72
695.73
695.74
695.75
695.76
695.77
695.78
695.79
695.8
695.81
695.82
695.83
695.84
695.85
695.86
695.87
695.88
695.89
695.9
695.91
695.92
695.93
695.94
695.95
695.96
695.97
695.98
695.99
696
696.01
696.02
696.03
696.04
696.05
696.06
696.07
696.08
696.09
696.1
696.11
696.12
696.13
696.14
696.15
696.16
696.17
696.18
696.19
696.2
696.21
696.22
696.23
696.24
696.25
696.26
696.27
696.28
696.29
696.3
696.31
696.32
696.33
696.34
696.35
696.36
696.37
696.38
696.39
696.4
696.41
696.42
696.43
696.44
696.45
696.46
696.47
696.48
696.49
696.5
696.51
696.52
696.53
696.54
696.55
696.56
696.57
696.58
696.59
696.6
696.61
696.62
696.63
696.64
696.65
696.66
696.67
696.68
696.69
696.7
696.71
696.72
696.73
696.74
696.75
696.76
696.77
696.78
696.79
696.8
696.81
696.82
696.83
696.84
696.85
696.86
696.87
696.88
696.89
696.9
696.91
696.92
696.93
696.94
696.95
696.96
696.97
696.98
696.99
697
697.01
697.02
697.03
697.04
697.05
697.06
697.07
697.08
697.09
697.1
697.11
697.12
697.13
697.14
697.15
697.16
697.17
697.18
697.19
697.2
697.21
697.22
697.23
697.24
697.25
697.26
697.27
697.28
697.29
697.3
697.31
697.32
697.33
697.34
697.35
697.36
697.37
697.38
697.39
697.4
697.41
697.42
697.43
697.44
697.45
697.46
697.47
697.48
697.49
697.5
697.51
697.52
697.53
697.54
697.55
697.56
697.57
697.58
697.59
697.6
697.61
697.62
697.63
697.64
697.65
697.66
697.67
697.68
697.69
697.7
697.71
697.72
697.73
697.74
697.75
697.76
697.77
697.78
697.79
697.8
697.81
697.82
697.83
697.84
697.85
697.86
697.87
697.88
697.89
697.9
697.91
697.92
697.93
697.94
697.95
697.96
697.97
697.98
697.99
698
698.01
698.02
698.03
698.04
698.05
698.06
698.07
698.08
698.09
698.1
698.11
698.12
698.13
698.14
698.15
698.16
698.17
698.18
698.19
698.2
698.21
698.22
698.23
698.24
698.25
698.26
698.27
698.28
698.29
698.3
698.31
698.32
698.33
698.34
698.35
698.36
698.37
698.38
698.39
698.4
698.41
698.42
698.43
698.44
698.45
698.46
698.47
698.48
698.49
698.5
698.51
698.52
698.53
698.54
698.55
698.56
698.57
698.58
698.59
698.6
698.61
698.62
698.63
698.64
698.65
698.66
698.67
698.68
698.69
698.7
698.71
698.72
698.73
698.74
698.75
698.76
698.77
698.78
698.79
698.8
698.81
698.82
698.83
698.84
698.85
698.86
698.87
698.88
698.89
698.9
698.91
698.92
698.93
698.94
698.95
698.96
698.97
698.98
698.99
699
699.01
699.02
699.03
699.04
699.05
699.06
699.07
699.08
699.09
699.1
699.11
699.12
699.13
699.14
699.15
699.16
699.17
699.18
699.19
699.2
699.21
699.22
699.23
699.24
699.25
699.26
699.27
699.28
699.29
699.3
699.31
699.32
699.33
699.34
699.35
699.36
699.37
699.38
699.39
699.4
699.41
699.42
699.43
699.44
699.45
699.46
699.47
699.48
699.49
699.5
699.51
699.52
699.53
699.54
699.55
699.56
699.57
699.58
699.59
699.6
699.61
699.62
699.63
699.64
699.65
699.66
699.67
699.68
699.69
699.7
699.71
699.72
699.73
699.74
699.75
699.76
699.77
699.78
699.79
699.8
699.81
699.82
699.83
699.84
699.85
699.86
699.87
699.88
699.89
699.9
699.91
699.92
699.93
699.94
699.95
699.96
699.97
699.98
699.99
700
700.01
700.02
700.03
700.04
700.05
700.06
700.07
700.08
700.09
700.1
700.11
700.12
700.13
700.14
700.15
700.16
700.17
700.18
700.19
700.2
700.21
700.22
700.23
700.24
700.25
700.26
700.27
700.28
700.29
700.3
700.31
700.32
700.33
700.34
700.35
700.36
700.37
700.38
700.39
700.4
700.41
700.42
700.43
700.44
700.45
700.46
700.47
700.48
700.49
700.5
700.51
700.52
700.53
700.54
700.55
700.56
700.57
700.58
700.59
700.6
700.61
700.62
700.63
700.64
700.65
700.66
700.67
700.68
700.69
700.7
700.71
700.72
700.73
700.74
700.75
700.76
700.77
700.78
700.79
700.8
700.81
700.82
700.83
700.84
700.85
700.86
700.87
700.88
700.89
700.9
700.91
700.92
700.93
700.94
700.95
700.96
700.97
700.98
700.99
701
701.01
701.02
701.03
701.04
701.05
701.06
701.07
701.08
701.09
701.1
701.11
701.12
701.13
701.14
701.15
701.16
701.17
701.18
701.19
701.2
701.21
701.22
701.23
701.24
701.25
701.26
701.27
701.28
701.29
701.3
701.31
701.32
701.33
701.34
701.35
701.36
701.37
701.38
701.39
701.4
701.41
701.42
701.43
701.44
701.45
701.46
701.47
701.48
701.49
701.5
701.51
701.52
701.53
701.54
701.55
701.56
701.57
701.58
701.59
701.6
701.61
701.62
701.63
701.64
701.65
701.66
701.67
701.68
701.69
701.7
701.71
701.72
701.73
701.74
701.75
701.76
701.77
701.78
701.79
701.8
701.81
701.82
701.83
701.84
701.85
701.86
701.87
701.88
701.89
701.9
701.91
701.92
701.93
701.94
701.95
701.96
701.97
701.98
701.99
702
702.01
702.02
702.03
702.04
702.05
702.06
702.07
702.08
702.09
702.1
702.11
702.12
702.13
702.14
702.15
702.16
702.17
702.18
702.19
702.2
702.21
702.22
702.23
702.24
702.25
702.26
702.27
702.28
702.29
702.3
702.31
702.32
702.33
702.34
702.35
702.36
702.37
702.38
702.39
702.4
702.41
702.42
702.43
702.44
702.45
702.46
702.47
702.48
702.49
702.5
702.51
702.52
702.53
702.54
702.55
702.56
702.57
702.58
702.59
702.6
702.61
702.62
702.63
702.64
702.65
702.66
702.67
702.68
702.69
702.7
702.71
702.72
702.73
702.74
702.75
702.76
702.77
702.78
702.79
702.8
702.81
702.82
702.83
702.84
702.85
702.86
702.87
702.88
702.89
702.9
702.91
702.92
702.93
702.94
702.95
702.96
702.97
702.98
702.99
703
703.01
703.02
703.03
703.04
703.05
703.06
703.07
703.08
703.09
703.1
703.11
703.12
703.13
703.14
703.15
703.16
703.17
703.18
703.19
703.2
703.21
703.22
703.23
703.24
703.25
703.26
703.27
703.28
703.29
703.3
703.31
703.32
703.33
703.34
703.35
703.36
703.37
703.38
703.39
703.4
703.41
703.42
703.43
703.44
703.45
703.46
703.47
703.48
703.49
703.5
703.51
703.52
703.53
703.54
703.55
703.56
703.57
703.58
703.59
703.6
703.61
703.62
703.63
703.64
703.65
703.66
703.67
703.68
703.69
703.7
703.71
703.72
703.73
703.74
703.75
703.76
703.77
703.78
703.79
703.8
703.81
703.82
703.83
703.84
703.85
703.86
703.87
703.88
703.89
703.9
703.91
703.92
703.93
703.94
703.95
703.96
703.97
703.98
703.99
704
704.01
704.02
704.03
704.04
704.05
704.06
704.07
704.08
704.09
704.1
704.11
704.12
704.13
704.14
704.15
704.16
704.17
704.18
704.19
704.2
704.21
704.22
704.23
704.24
704.25
704.26
704.27
704.28
704.29
704.3
704.31
704.32
704.33
704.34
704.35
704.36
704.37
704.38
704.39
704.4
704.41
704.42
704.43
704.44
704.45
704.46
704.47
704.48
704.49
704.5
704.51
704.52
704.53
704.54
704.55
704.56
704.57
704.58
704.59
704.6
704.61
704.62
704.63
704.64
704.65
704.66
704.67
704.68
704.69
704.7
704.71
704.72
704.73
704.74
704.75
704.76
704.77
704.78
704.79
704.8
704.81
704.82
704.83
704.84
704.85
704.86
704.87
704.88
704.89
704.9
704.91
704.92
704.93
704.94
704.95
704.96
704.97
704.98
704.99
705
705.01
705.02
705.03
705.04
705.05
705.06
705.07
705.08
705.09
705.1
705.11
705.12
705.13
705.14
705.15
705.16
705.17
705.18
705.19
705.2
705.21
705.22
705.23
705.24
705.25
705.26
705.27
705.28
705.29
705.3
705.31
705.32
705.33
705.34
705.35
705.36
705.37
705.38
705.39
705.4
705.41
705.42
705.43
705.44
705.45
705.46
705.47
705.48
705.49
705.5
705.51
705.52
705.53
705.54
705.55
705.56
705.57
705.58
705.59
705.6
705.61
705.62
705.63
705.64
705.65
705.66
705.67
705.68
705.69
705.7
705.71
705.72
705.73
705.74
705.75
705.76
705.77
705.78
705.79
705.8
705.81
705.82
705.83
705.84
705.85
705.86
705.87
705.88
705.89
705.9
705.91
705.92
705.93
705.94
705.95
705.96
705.97
705.98
705.99
706
706.01
706.02
706.03
706.04
706.05
706.06
706.07
706.08
706.09
706.1
706.11
706.12
706.13
706.14
706.15
706.16
706.17
706.18
706.19
706.2
706.21
706.22
706.23
706.24
706.25
706.26
706.27
706.28
706.29
706.3
706.31
706.32
706.33
706.34
706.35
706.36
706.37
706.38
706.39
706.4
706.41
706.42
706.43
706.44
706.45
706.46
706.47
706.48
706.49
706.5
706.51
706.52
706.53
706.54
706.55
706.56
706.57
706.58
706.59
706.6
706.61
706.62
706.63
706.64
706.65
706.66
706.67
706.68
706.69
706.7
706.71
706.72
706.73
706.74
706.75
706.76
706.77
706.78
706.79
706.8
706.81
706.82
706.83
706.84
706.85
706.86
706.87
706.88
706.89
706.9
706.91
706.92
706.93
706.94
706.95
706.96
706.97
706.98
706.99
707
707.01
707.02
707.03
707.04
707.05
707.06
707.07
707.08
707.09
707.1
707.11
707.12
707.13
707.14
707.15
707.16
707.17
707.18
707.19
707.2
707.21
707.22
707.23
707.24
707.25
707.26
707.27
707.28
707.29
707.3
707.31
707.32
707.33
707.34
707.35
707.36
707.37
707.38
707.39
707.4
707.41
707.42
707.43
707.44
707.45
707.46
707.47
707.48
707.49
707.5
707.51
707.52
707.53
707.54
707.55
707.56
707.57
707.58
707.59
707.6
707.61
707.62
707.63
707.64
707.65
707.66
707.67
707.68
707.69
707.7
707.71
707.72
707.73
707.74
707.75
707.76
707.77
707.78
707.79
707.8
707.81
707.82
707.83
707.84
707.85
707.86
707.87
707.88
707.89
707.9
707.91
707.92
707.93
707.94
707.95
707.96
707.97
707.98
707.99
708
708.01
708.02
708.03
708.04
708.05
708.06
708.07
708.08
708.09
708.1
708.11
708.12
708.13
708.14
708.15
708.16
708.17
708.18
708.19
708.2
708.21
708.22
708.23
708.24
708.25
708.26
708.27
708.28
708.29
708.3
708.31
708.32
708.33
708.34
708.35
708.36
708.37
708.38
708.39
708.4
708.41
708.42
708.43
708.44
708.45
708.46
708.47
708.48
708.49
708.5
708.51
708.52
708.53
708.54
708.55
708.56
708.57
708.58
708.59
708.6
708.61
708.62
708.63
708.64
708.65
708.66
708.67
708.68
708.69
708.7
708.71
708.72
708.73
708.74
708.75
708.76
708.77
708.78
708.79
708.8
708.81
708.82
708.83
708.84
708.85
708.86
708.87
708.88
708.89
708.9
708.91
708.92
708.93
708.94
708.95
708.96
708.97
708.98
708.99
709
709.01
709.02
709.03
709.04
709.05
709.06
709.07
709.08
709.09
709.1
709.11
709.12
709.13
709.14
709.15
709.16
709.17
709.18
709.19
709.2
709.21
709.22
709.23
709.24
709.25
709.26
709.27
709.28
709.29
709.3
709.31
709.32
709.33
709.34
709.35
709.36
709.37
709.38
709.39
709.4
709.41
709.42
709.43
709.44
709.45
709.46
709.47
709.48
709.49
709.5
709.51
709.52
709.53
709.54
709.55
709.56
709.57
709.58
709.59
709.6
709.61
709.62
709.63
709.64
709.65
709.66
709.67
709.68
709.69
709.7
709.71
709.72
709.73
709.74
709.75
709.76
709.77
709.78
709.79
709.8
709.81
709.82
709.83
709.84
709.85
709.86
709.87
709.88
709.89
709.9
709.91
709.92
709.93
709.94
709.95
709.96
709.97
709.98
709.99
710
710.01
710.02
710.03
710.04
710.05
710.06
710.07
710.08
710.09
710.1
710.11
710.12
710.13
710.14
710.15
710.16
710.17
710.18
710.19
710.2
710.21
710.22
710.23
710.24
710.25
710.26
710.27
710.28
710.29
710.3
710.31
710.32
710.33
710.34
710.35
710.36
710.37
710.38
710.39
710.4
710.41
710.42
710.43
710.44
710.45
710.46
710.47
710.48
710.49
710.5
710.51
710.52
710.53
710.54
710.55
710.56
710.57
710.58
710.59
710.6
710.61
710.62
710.63
710.64
710.65
710.66
710.67
710.68
710.69
710.7
710.71
710.72
710.73
710.74
710.75
710.76
710.77
710.78
710.79
710.8
710.81
710.82
710.83
710.84
710.85
710.86
710.87
710.88
710.89
710.9
710.91
710.92
710.93
710.94
710.95
710.96
710.97
710.98
710.99
711
711.01
711.02
711.03
711.04
711.05
711.06
711.07
711.08
711.09
711.1
711.11
711.12
711.13
711.14
711.15
711.16
711.17
711.18
711.19
711.2
711.21
711.22
711.23
711.24
711.25
711.26
711.27
711.28
711.29
711.3
711.31
711.32
711.33
711.34
711.35
711.36
711.37
711.38
711.39
711.4
711.41
711.42
711.43
711.44
711.45
711.46
711.47
711.48
711.49
711.5
711.51
711.52
711.53
711.54
711.55
711.56
711.57
711.58
711.59
711.6
711.61
711.62
711.63
711.64
711.65
711.66
711.67
711.68
711.69
711.7
711.71
711.72
711.73
711.74
711.75
711.76
711.77
711.78
711.79
711.8
711.81
711.82
711.83
711.84
711.85
711.86
711.87
711.88
711.89
711.9
711.91
711.92
711.93
711.94
711.95
711.96
711.97
711.98
711.99
712
712.01
712.02
712.03
712.04
712.05
712.06
712.07
712.08
712.09
712.1
712.11
712.12
712.13
712.14
712.15
712.16
712.17
712.18
712.19
712.2
712.21
712.22
712.23
712.24
712.25
712.26
712.27
712.28
712.29
712.3
712.31
712.32
712.33
712.34
712.35
712.36
712.37
712.38
712.39
712.4
712.41
712.42
712.43
712.44
712.45
712.46
712.47
712.48
712.49
712.5
712.51
712.52
712.53
712.54
712.55
712.56
712.57
712.58
712.59
712.6
712.61
712.62
712.63
712.64
712.65
712.66
712.67
712.68
712.69
712.7
712.71
712.72
712.73
712.74
712.75
712.76
712.77
712.78
712.79
712.8
712.81
712.82
712.83
712.84
712.85
712.86
712.87
712.88
712.89
712.9
712.91
712.92
712.93
712.94
712.95
712.96
712.97
712.98
712.99
713
713.01
713.02
713.03
713.04
713.05
713.06
713.07
713.08
713.09
713.1
713.11
713.12
713.13
713.14
713.15
713.16
713.17
713.18
713.19
713.2
713.21
713.22
713.23
713.24
713.25
713.26
713.27
713.28
713.29
713.3
713.31
713.32
713.33
713.34
713.35
713.36
713.37
713.38
713.39
713.4
713.41
713.42
713.43
713.44
713.45
713.46
713.47
713.48
713.49
713.5
713.51
713.52
713.53
713.54
713.55
713.56
713.57
713.58
713.59
713.6
713.61
713.62
713.63
713.64
713.65
713.66
713.67
713.68
713.69
713.7
713.71
713.72
713.73
713.74
713.75
713.76
713.77
713.78
713.79
713.8
713.81
713.82
713.83
713.84
713.85
713.86
713.87
713.88
713.89
713.9
713.91
713.92
713.93
713.94
713.95
713.96
713.97
713.98
713.99
714
714.01
714.02
714.03
714.04
714.05
714.06
714.07
714.08
714.09
714.1
714.11
714.12
714.13
714.14
714.15
714.16
714.17
714.18
714.19
714.2
714.21
714.22
714.23
714.24
714.25
714.26
714.27
714.28
714.29
714.3
714.31
714.32
714.33
714.34
714.35
714.36
714.37
714.38
714.39
714.4
714.41
714.42
714.43
714.44
714.45
714.46
714.47
714.48
714.49
714.5
714.51
714.52
714.53
714.54
714.55
714.56
714.57
714.58
714.59
714.6
714.61
714.62
714.63
714.64
714.65
714.66
714.67
714.68
714.69
714.7
714.71
714.72
714.73
714.74
714.75
714.76
714.77
714.78
714.79
714.8
714.81
714.82
714.83
714.84
714.85
714.86
714.87
714.88
714.89
714.9
714.91
714.92
714.93
714.94
714.95
714.96
714.97
714.98
714.99
715
715.01
715.02
715.03
715.04
715.05
715.06
715.07
715.08
715.09
715.1
715.11
715.12
715.13
715.14
715.15
715.16
715.17
715.18
715.19
715.2
715.21
715.22
715.23
715.24
715.25
715.26
715.27
715.28
715.29
715.3
715.31
715.32
715.33
715.34
715.35
715.36
715.37
715.38
715.39
715.4
715.41
715.42
715.43
715.44
715.45
715.46
715.47
715.48
715.49
715.5
715.51
715.52
715.53
715.54
715.55
715.56
715.57
715.58
715.59
715.6
715.61
715.62
715.63
715.64
715.65
715.66
715.67
715.68
715.69
715.7
715.71
715.72
715.73
715.74
715.75
715.76
715.77
715.78
715.79
715.8
715.81
715.82
715.83
715.84
715.85
715.86
715.87
715.88
715.89
715.9
715.91
715.92
715.93
715.94
715.95
715.96
715.97
715.98
715.99
716
716.01
716.02
716.03
716.04
716.05
716.06
716.07
716.08
716.09
716.1
716.11
716.12
716.13
716.14
716.15
716.16
716.17
716.18
716.19
716.2
716.21
716.22
716.23
716.24
716.25
716.26
716.27
716.28
716.29
716.3
716.31
716.32
716.33
716.34
716.35
716.36
716.37
716.38
716.39
716.4
716.41
716.42
716.43
716.44
716.45
716.46
716.47
716.48
716.49
716.5
716.51
716.52
716.53
716.54
716.55
716.56
716.57
716.58
716.59
716.6
716.61
716.62
716.63
716.64
716.65
716.66
716.67
716.68
716.69
716.7
716.71
716.72
716.73
716.74
716.75
716.76
716.77
716.78
716.79
716.8
716.81
716.82
716.83
716.84
716.85
716.86
716.87
716.88
716.89
716.9
716.91
716.92
716.93
716.94
716.95
716.96
716.97
716.98
716.99
717
717.01
717.02
717.03
717.04
717.05
717.06
717.07
717.08
717.09
717.1
717.11
717.12
717.13
717.14
717.15
717.16
717.17
717.18
717.19
717.2
717.21
717.22
717.23
717.24
717.25
717.26
717.27
717.28
717.29
717.3
717.31
717.32
717.33
717.34
717.35
717.36
717.37
717.38
717.39
717.4
717.41
717.42
717.43
717.44
717.45
717.46
717.47
717.48
717.49
717.5
717.51
717.52
717.53
717.54
717.55
717.56
717.57
717.58
717.59
717.6
717.61
717.62
717.63
717.64
717.65
717.66
717.67
717.68
717.69
717.7
717.71
717.72
717.73
717.74
717.75
717.76
717.77
717.78
717.79
717.8
717.81
717.82
717.83
717.84
717.85
717.86
717.87
717.88
717.89
717.9
717.91
717.92
717.93
717.94
717.95
717.96
717.97
717.98
717.99
718
718.01
718.02
718.03
718.04
718.05
718.06
718.07
718.08
718.09
718.1
718.11
718.12
718.13
718.14
718.15
718.16
718.17
718.18
718.19
718.2
718.21
718.22
718.23
718.24
718.25
718.26
718.27
718.28
718.29
718.3
718.31
718.32
718.33
718.34
718.35
718.36
718.37
718.38
718.39
718.4
718.41
718.42
718.43
718.44
718.45
718.46
718.47
718.48
718.49
718.5
718.51
718.52
718.53
718.54
718.55
718.56
718.57
718.58
718.59
718.6
718.61
718.62
718.63
718.64
718.65
718.66
718.67
718.68
718.69
718.7
718.71
718.72
718.73
718.74
718.75
718.76
718.77
718.78
718.79
718.8
718.81
718.82
718.83
718.84
718.85
718.86
718.87
718.88
718.89
718.9
718.91
718.92
718.93
718.94
718.95
718.96
718.97
718.98
718.99
719
719.01
719.02
719.03
719.04
719.05
719.06
719.07
719.08
719.09
719.1
719.11
719.12
719.13
719.14
719.15
719.16
719.17
719.18
719.19
719.2
719.21
719.22
719.23
719.24
719.25
719.26
719.27
719.28
719.29
719.3
719.31
719.32
719.33
719.34
719.35
719.36
719.37
719.38
719.39
719.4
719.41
719.42
719.43
719.44
719.45
719.46
719.47
719.48
719.49
719.5
719.51
719.52
719.53
719.54
719.55
719.56
719.57
719.58
719.59
719.6
719.61
719.62
719.63
719.64
719.65
719.66
719.67
719.68
719.69
719.7
719.71
719.72
719.73
719.74
719.75
719.76
719.77
719.78
719.79
719.8
719.81
719.82
719.83
719.84
719.85
719.86
719.87
719.88
719.89
719.9
719.91
719.92
719.93
719.94
719.95
719.96
719.97
719.98
719.99
720
720.01
720.02
720.03
720.04
720.05
720.06
720.07
720.08
720.09
720.1
720.11
720.12
720.13
720.14
720.15
720.16
720.17
720.18
720.19
720.2
720.21
720.22
720.23
720.24
720.25
720.26
720.27
720.28
720.29
720.3
720.31
720.32
720.33
720.34
720.35
720.36
720.37
720.38
720.39
720.4
720.41
720.42
720.43
720.44
720.45
720.46
720.47
720.48
720.49
720.5
720.51
720.52
720.53
720.54
720.55
720.56
720.57
720.58
720.59
720.6
720.61
720.62
720.63
720.64
720.65
720.66
720.67
720.68
720.69
720.7
720.71
720.72
720.73
720.74
720.75
720.76
720.77
720.78
720.79
720.8
720.81
720.82
720.83
720.84
720.85
720.86
720.87
720.88
720.89
720.9
720.91
720.92
720.93
720.94
720.95
720.96
720.97
720.98
720.99
721
721.01
721.02
721.03
721.04
721.05
721.06
721.07
721.08
721.09
721.1
721.11
721.12
721.13
721.14
721.15
721.16
721.17
721.18
721.19
721.2
721.21
721.22
721.23
721.24
721.25
721.26
721.27
721.28
721.29
721.3
721.31
721.32
721.33
721.34
721.35
721.36
721.37
721.38
721.39
721.4
721.41
721.42
721.43
721.44
721.45
721.46
721.47
721.48
721.49
721.5
721.51
721.52
721.53
721.54
721.55
721.56
721.57
721.58
721.59
721.6
721.61
721.62
721.63
721.64
721.65
721.66
721.67
721.68
721.69
721.7
721.71
721.72
721.73
721.74
721.75
721.76
721.77
721.78
721.79
721.8
721.81
721.82
721.83
721.84
721.85
721.86
721.87
721.88
721.89
721.9
721.91
721.92
721.93
721.94
721.95
721.96
721.97
721.98
721.99
722
722.01
722.02
722.03
722.04
722.05
722.06
722.07
722.08
722.09
722.1
722.11
722.12
722.13
722.14
722.15
722.16
722.17
722.18
722.19
722.2
722.21
722.22
722.23
722.24
722.25
722.26
722.27
722.28
722.29
722.3
722.31
722.32
722.33
722.34
722.35
722.36
722.37
722.38
722.39
722.4
722.41
722.42
722.43
722.44
722.45
722.46
722.47
722.48
722.49
722.5
722.51
722.52
722.53
722.54
722.55
722.56
722.57
722.58
722.59
722.6
722.61
722.62
722.63
722.64
722.65
722.66
722.67
722.68
722.69
722.7
722.71
722.72
722.73
722.74
722.75
722.76
722.77
722.78
722.79
722.8
722.81
722.82
722.83
722.84
722.85
722.86
722.87
722.88
722.89
722.9
722.91
722.92
722.93
722.94
722.95
722.96
722.97
722.98
722.99
723
723.01
723.02
723.03
723.04
723.05
723.06
723.07
723.08
723.09
723.1
723.11
723.12
723.13
723.14
723.15
723.16
723.17
723.18
723.19
723.2
723.21
723.22
723.23
723.24
723.25
723.26
723.27
723.28
723.29
723.3
723.31
723.32
723.33
723.34
723.35
723.36
723.37
723.38
723.39
723.4
723.41
723.42
723.43
723.44
723.45
723.46
723.47
723.48
723.49
723.5
723.51
723.52
723.53
723.54
723.55
723.56
723.57
723.58
723.59
723.6
723.61
723.62
723.63
723.64
723.65
723.66
723.67
723.68
723.69
723.7
723.71
723.72
723.73
723.74
723.75
723.76
723.77
723.78
723.79
723.8
723.81
723.82
723.83
723.84
723.85
723.86
723.87
723.88
723.89
723.9
723.91
723.92
723.93
723.94
723.95
723.96
723.97
723.98
723.99
724
724.01
724.02
724.03
724.04
724.05
724.06
724.07
724.08
724.09
724.1
724.11
724.12
724.13
724.14
724.15
724.16
724.17
724.18
724.19
724.2
724.21
724.22
724.23
724.24
724.25
724.26
724.27
724.28
724.29
724.3
724.31
724.32
724.33
724.34
724.35
724.36
724.37
724.38
724.39
724.4
724.41
724.42
724.43
724.44
724.45
724.46
724.47
724.48
724.49
724.5
724.51
724.52
724.53
724.54
724.55
724.56
724.57
724.58
724.59
724.6
724.61
724.62
724.63
724.64
724.65
724.66
724.67
724.68
724.69
724.7
724.71
724.72
724.73
724.74
724.75
724.76
724.77
724.78
724.79
724.8
724.81
724.82
724.83
724.84
724.85
724.86
724.87
724.88
724.89
724.9
724.91
724.92
724.93
724.94
724.95
724.96
724.97
724.98
724.99
725
725.01
725.02
725.03
725.04
725.05
725.06
725.07
725.08
725.09
725.1
725.11
725.12
725.13
725.14
725.15
725.16
725.17
725.18
725.19
725.2
725.21
725.22
725.23
725.24
725.25
725.26
725.27
725.28
725.29
725.3
725.31
725.32
725.33
725.34
725.35
725.36
725.37
725.38
725.39
725.4
725.41
725.42
725.43
725.44
725.45
725.46
725.47
725.48
725.49
725.5
725.51
725.52
725.53
725.54
725.55
725.56
725.57
725.58
725.59
725.6
725.61
725.62
725.63
725.64
725.65
725.66
725.67
725.68
725.69
725.7
725.71
725.72
725.73
725.74
725.75
725.76
725.77
725.78
725.79
725.8
725.81
725.82
725.83
725.84
725.85
725.86
725.87
725.88
725.89
725.9
725.91
725.92
725.93
725.94
725.95
725.96
725.97
725.98
725.99
726
726.01
726.02
726.03
726.04
726.05
726.06
726.07
726.08
726.09
726.1
726.11
726.12
726.13
726.14
726.15
726.16
726.17
726.18
726.19
726.2
726.21
726.22
726.23
726.24
726.25
726.26
726.27
726.28
726.29
726.3
726.31
726.32
726.33
726.34
726.35
726.36
726.37
726.38
726.39
726.4
726.41
726.42
726.43
726.44
726.45
726.46
726.47
726.48
726.49
726.5
726.51
726.52
726.53
726.54
726.55
726.56
726.57
726.58
726.59
726.6
726.61
726.62
726.63
726.64
726.65
726.66
726.67
726.68
726.69
726.7
726.71
726.72
726.73
726.74
726.75
726.76
726.77
726.78
726.79
726.8
726.81
726.82
726.83
726.84
726.85
726.86
726.87
726.88
726.89
726.9
726.91
726.92
726.93
726.94
726.95
726.96
726.97
726.98
726.99
727
727.01
727.02
727.03
727.04
727.05
727.06
727.07
727.08
727.09
727.1
727.11
727.12
727.13
727.14
727.15
727.16
727.17
727.18
727.19
727.2
727.21
727.22
727.23
727.24
727.25
727.26
727.27
727.28
727.29
727.3
727.31
727.32
727.33
727.34
727.35
727.36
727.37
727.38
727.39
727.4
727.41
727.42
727.43
727.44
727.45
727.46
727.47
727.48
727.49
727.5
727.51
727.52
727.53
727.54
727.55
727.56
727.57
727.58
727.59
727.6
727.61
727.62
727.63
727.64
727.65
727.66
727.67
727.68
727.69
727.7
727.71
727.72
727.73
727.74
727.75
727.76
727.77
727.78
727.79
727.8
727.81
727.82
727.83
727.84
727.85
727.86
727.87
727.88
727.89
727.9
727.91
727.92
727.93
727.94
727.95
727.96
727.97
727.98
727.99
728
728.01
728.02
728.03
728.04
728.05
728.06
728.07
728.08
728.09
728.1
728.11
728.12
728.13
728.14
728.15
728.16
728.17
728.18
728.19
728.2
728.21
728.22
728.23
728.24
728.25
728.26
728.27
728.28
728.29
728.3
728.31
728.32
728.33
728.34
728.35
728.36
728.37
728.38
728.39
728.4
728.41
728.42
728.43
728.44
728.45
728.46
728.47
728.48
728.49
728.5
728.51
728.52
728.53
728.54
728.55
728.56
728.57
728.58
728.59
728.6
728.61
728.62
728.63
728.64
728.65
728.66
728.67
728.68
728.69
728.7
728.71
728.72
728.73
728.74
728.75
728.76
728.77
728.78
728.79
728.8
728.81
728.82
728.83
728.84
728.85
728.86
728.87
728.88
728.89
728.9
728.91
728.92
728.93
728.94
728.95
728.96
728.97
728.98
728.99
729
729.01
729.02
729.03
729.04
729.05
729.06
729.07
729.08
729.09
729.1
729.11
729.12
729.13
729.14
729.15
729.16
729.17
729.18
729.19
729.2
729.21
729.22
729.23
729.24
729.25
729.26
729.27
729.28
729.29
729.3
729.31
729.32
729.33
729.34
729.35
729.36
729.37
729.38
729.39
729.4
729.41
729.42
729.43
729.44
729.45
729.46
729.47
729.48
729.49
729.5
729.51
729.52
729.53
729.54
729.55
729.56
729.57
729.58
729.59
729.6
729.61
729.62
729.63
729.64
729.65
729.66
729.67
729.68
729.69
729.7
729.71
729.72
729.73
729.74
729.75
729.76
729.77
729.78
729.79
729.8
729.81
729.82
729.83
729.84
729.85
729.86
729.87
729.88
729.89
729.9
729.91
729.92
729.93
729.94
729.95
729.96
729.97
729.98
729.99
730
730.01
730.02
730.03
730.04
730.05
730.06
730.07
730.08
730.09
730.1
730.11
730.12
730.13
730.14
730.15
730.16
730.17
730.18
730.19
730.2
730.21
730.22
730.23
730.24
730.25
730.26
730.27
730.28
730.29
730.3
730.31
730.32
730.33
730.34
730.35
730.36
730.37
730.38
730.39
730.4
730.41
730.42
730.43
730.44
730.45
730.46
730.47
730.48
730.49
730.5
730.51
730.52
730.53
730.54
730.55
730.56
730.57
730.58
730.59
730.6
730.61
730.62
730.63
730.64
730.65
730.66
730.67
730.68
730.69
730.7
730.71
730.72
730.73
730.74
730.75
730.76
730.77
730.78
730.79
730.8
730.81
730.82
730.83
730.84
730.85
730.86
730.87
730.88
730.89
730.9
730.91
730.92
730.93
730.94
730.95
730.96
730.97
730.98
730.99
731
731.01
731.02
731.03
731.04
731.05
731.06
731.07
731.08
731.09
731.1
731.11
731.12
731.13
731.14
731.15
731.16
731.17
731.18
731.19
731.2
731.21
731.22
731.23
731.24
731.25
731.26
731.27
731.28
731.29
731.3
731.31
731.32
731.33
731.34
731.35
731.36
731.37
731.38
731.39
731.4
731.41
731.42
731.43
731.44
731.45
731.46
731.47
731.48
731.49
731.5
731.51
731.52
731.53
731.54
731.55
731.56
731.57
731.58
731.59
731.6
731.61
731.62
731.63
731.64
731.65
731.66
731.67
731.68
731.69
731.7
731.71
731.72
731.73
731.74
731.75
731.76
731.77
731.78
731.79
731.8
731.81
731.82
731.83
731.84
731.85
731.86
731.87
731.88
731.89
731.9
731.91
731.92
731.93
731.94
731.95
731.96
731.97
731.98
731.99
732
732.01
732.02
732.03
732.04
732.05
732.06
732.07
732.08
732.09
732.1
732.11
732.12
732.13
732.14
732.15
732.16
732.17
732.18
732.19
732.2
732.21
732.22
732.23
732.24
732.25
732.26
732.27
732.28
732.29
732.3
732.31
732.32
732.33
732.34
732.35
732.36
732.37
732.38
732.39
732.4
732.41
732.42
732.43
732.44
732.45
732.46
732.47
732.48
732.49
732.5
732.51
732.52
732.53
732.54
732.55
732.56
732.57
732.58
732.59
732.6
732.61
732.62
732.63
732.64
732.65
732.66
732.67
732.68
732.69
732.7
732.71
732.72
732.73
732.74
732.75
732.76
732.77
732.78
732.79
732.8
732.81
732.82
732.83
732.84
732.85
732.86
732.87
732.88
732.89
732.9
732.91
732.92
732.93
732.94
732.95
732.96
732.97
732.98
732.99
733
733.01
733.02
733.03
733.04
733.05
733.06
733.07
733.08
733.09
733.1
733.11
733.12
733.13
733.14
733.15
733.16
733.17
733.18
733.19
733.2
733.21
733.22
733.23
733.24
733.25
733.26
733.27
733.28
733.29
733.3
733.31
733.32
733.33
733.34
733.35
733.36
733.37
733.38
733.39
733.4
733.41
733.42
733.43
733.44
733.45
733.46
733.47
733.48
733.49
733.5
733.51
733.52
733.53
733.54
733.55
733.56
733.57
733.58
733.59
733.6
733.61
733.62
733.63
733.64
733.65
733.66
733.67
733.68
733.69
733.7
733.71
733.72
733.73
733.74
733.75
733.76
733.77
733.78
733.79
733.8
733.81
733.82
733.83
733.84
733.85
733.86
733.87
733.88
733.89
733.9
733.91
733.92
733.93
733.94
733.95
733.96
733.97
733.98
733.99
734
734.01
734.02
734.03
734.04
734.05
734.06
734.07
734.08
734.09
734.1
734.11
734.12
734.13
734.14
734.15
734.16
734.17
734.18
734.19
734.2
734.21
734.22
734.23
734.24
734.25
734.26
734.27
734.28
734.29
734.3
734.31
734.32
734.33
734.34
734.35
734.36
734.37
734.38
734.39
734.4
734.41
734.42
734.43
734.44
734.45
734.46
734.47
734.48
734.49
734.5
734.51
734.52
734.53
734.54
734.55
734.56
734.57
734.58
734.59
734.6
734.61
734.62
734.63
734.64
734.65
734.66
734.67
734.68
734.69
734.7
734.71
734.72
734.73
734.74
734.75
734.76
734.77
734.78
734.79
734.8
734.81
734.82
734.83
734.84
734.85
734.86
734.87
734.88
734.89
734.9
734.91
734.92
734.93
734.94
734.95
734.96
734.97
734.98
734.99
735
735.01
735.02
735.03
735.04
735.05
735.06
735.07
735.08
735.09
735.1
735.11
735.12
735.13
735.14
735.15
735.16
735.17
735.18
735.19
735.2
735.21
735.22
735.23
735.24
735.25
735.26
735.27
735.28
735.29
735.3
735.31
735.32
735.33
735.34
735.35
735.36
735.37
735.38
735.39
735.4
735.41
735.42
735.43
735.44
735.45
735.46
735.47
735.48
735.49
735.5
735.51
735.52
735.53
735.54
735.55
735.56
735.57
735.58
735.59
735.6
735.61
735.62
735.63
735.64
735.65
735.66
735.67
735.68
735.69
735.7
735.71
735.72
735.73
735.74
735.75
735.76
735.77
735.78
735.79
735.8
735.81
735.82
735.83
735.84
735.85
735.86
735.87
735.88
735.89
735.9
735.91
735.92
735.93
735.94
735.95
735.96
735.97
735.98
735.99
736
736.01
736.02
736.03
736.04
736.05
736.06
736.07
736.08
736.09
736.1
736.11
736.12
736.13
736.14
736.15
736.16
736.17
736.18
736.19
736.2
736.21
736.22
736.23
736.24
736.25
736.26
736.27
736.28
736.29
736.3
736.31
736.32
736.33
736.34
736.35
736.36
736.37
736.38
736.39
736.4
736.41
736.42
736.43
736.44
736.45
736.46
736.47
736.48
736.49
736.5
736.51
736.52
736.53
736.54
736.55
736.56
736.57
736.58
736.59
736.6
736.61
736.62
736.63
736.64
736.65
736.66
736.67
736.68
736.69
736.7
736.71
736.72
736.73
736.74
736.75
736.76
736.77
736.78
736.79
736.8
736.81
736.82
736.83
736.84
736.85
736.86
736.87
736.88
736.89
736.9
736.91
736.92
736.93
736.94
736.95
736.96
736.97
736.98
736.99
737
737.01
737.02
737.03
737.04
737.05
737.06
737.07
737.08
737.09
737.1
737.11
737.12
737.13
737.14
737.15
737.16
737.17
737.18
737.19
737.2
737.21
737.22
737.23
737.24
737.25
737.26
737.27
737.28
737.29
737.3
737.31
737.32
737.33
737.34
737.35
737.36
737.37
737.38
737.39
737.4
737.41
737.42
737.43
737.44
737.45
737.46
737.47
737.48
737.49
737.5
737.51
737.52
737.53
737.54
737.55
737.56
737.57
737.58
737.59
737.6
737.61
737.62
737.63
737.64
737.65
737.66
737.67
737.68
737.69
737.7
737.71
737.72
737.73
737.74
737.75
737.76
737.77
737.78
737.79
737.8
737.81
737.82
737.83
737.84
737.85
737.86
737.87
737.88
737.89
737.9
737.91
737.92
737.93
737.94
737.95
737.96
737.97
737.98
737.99
738
738.01
738.02
738.03
738.04
738.05
738.06
738.07
738.08
738.09
738.1
738.11
738.12
738.13
738.14
738.15
738.16
738.17
738.18
738.19
738.2
738.21
738.22
738.23
738.24
738.25
738.26
738.27
738.28
738.29
738.3
738.31
738.32
738.33
738.34
738.35
738.36
738.37
738.38
738.39
738.4
738.41
738.42
738.43
738.44
738.45
738.46
738.47
738.48
738.49
738.5
738.51
738.52
738.53
738.54
738.55
738.56
738.57
738.58
738.59
738.6
738.61
738.62
738.63
738.64
738.65
738.66
738.67
738.68
738.69
738.7
738.71
738.72
738.73
738.74
738.75
738.76
738.77
738.78
738.79
738.8
738.81
738.82
738.83
738.84
738.85
738.86
738.87
738.88
738.89
738.9
738.91
738.92
738.93
738.94
738.95
738.96
738.97
738.98
738.99
739
739.01
739.02
739.03
739.04
739.05
739.06
739.07
739.08
739.09
739.1
739.11
739.12
739.13
739.14
739.15
739.16
739.17
739.18
739.19
739.2
739.21
739.22
739.23
739.24
739.25
739.26
739.27
739.28
739.29
739.3
739.31
739.32
739.33
739.34
739.35
739.36
739.37
739.38
739.39
739.4
739.41
739.42
739.43
739.44
739.45
739.46
739.47
739.48
739.49
739.5
739.51
739.52
739.53
739.54
739.55
739.56
739.57
739.58
739.59
739.6
739.61
739.62
739.63
739.64
739.65
739.66
739.67
739.68
739.69
739.7
739.71
739.72
739.73
739.74
739.75
739.76
739.77
739.78
739.79
739.8
739.81
739.82
739.83
739.84
739.85
739.86
739.87
739.88
739.89
739.9
739.91
739.92
739.93
739.94
739.95
739.96
739.97
739.98
739.99
740
740.01
740.02
740.03
740.04
740.05
740.06
740.07
740.08
740.09
740.1
740.11
740.12
740.13
740.14
740.15
740.16
740.17
740.18
740.19
740.2
740.21
740.22
740.23
740.24
740.25
740.26
740.27
740.28
740.29
740.3
740.31
740.32
740.33
740.34
740.35
740.36
740.37
740.38
740.39
740.4
740.41
740.42
740.43
740.44
740.45
740.46
740.47
740.48
740.49
740.5
740.51
740.52
740.53
740.54
740.55
740.56
740.57
740.58
740.59
740.6
740.61
740.62
740.63
740.64
740.65
740.66
740.67
740.68
740.69
740.7
740.71
740.72
740.73
740.74
740.75
740.76
740.77
740.78
740.79
740.8
740.81
740.82
740.83
740.84
740.85
740.86
740.87
740.88
740.89
740.9
740.91
740.92
740.93
740.94
740.95
740.96
740.97
740.98
740.99
741
741.01
741.02
741.03
741.04
741.05
741.06
741.07
741.08
741.09
741.1
741.11
741.12
741.13
741.14
741.15
741.16
741.17
741.18
741.19
741.2
741.21
741.22
741.23
741.24
741.25
741.26
741.27
741.28
741.29
741.3
741.31
741.32
741.33
741.34
741.35
741.36
741.37
741.38
741.39
741.4
741.41
741.42
741.43
741.44
741.45
741.46
741.47
741.48
741.49
741.5
741.51
741.52
741.53
741.54
741.55
741.56
741.57
741.58
741.59
741.6
741.61
741.62
741.63
741.64
741.65
741.66
741.67
741.68
741.69
741.7
741.71
741.72
741.73
741.74
741.75
741.76
741.77
741.78
741.79
741.8
741.81
741.82
741.83
741.84
741.85
741.86
741.87
741.88
741.89
741.9
741.91
741.92
741.93
741.94
741.95
741.96
741.97
741.98
741.99
742
742.01
742.02
742.03
742.04
742.05
742.06
742.07
742.08
742.09
742.1
742.11
742.12
742.13
742.14
742.15
742.16
742.17
742.18
742.19
742.2
742.21
742.22
742.23
742.24
742.25
742.26
742.27
742.28
742.29
742.3
742.31
742.32
742.33
742.34
742.35
742.36
742.37
742.38
742.39
742.4
742.41
742.42
742.43
742.44
742.45
742.46
742.47
742.48
742.49
742.5
742.51
742.52
742.53
742.54
742.55
742.56
742.57
742.58
742.59
742.6
742.61
742.62
742.63
742.64
742.65
742.66
742.67
742.68
742.69
742.7
742.71
742.72
742.73
742.74
742.75
742.76
742.77
742.78
742.79
742.8
742.81
742.82
742.83
742.84
742.85
742.86
742.87
742.88
742.89
742.9
742.91
742.92
742.93
742.94
742.95
742.96
742.97
742.98
742.99
743
743.01
743.02
743.03
743.04
743.05
743.06
743.07
743.08
743.09
743.1
743.11
743.12
743.13
743.14
743.15
743.16
743.17
743.18
743.19
743.2
743.21
743.22
743.23
743.24
743.25
743.26
743.27
743.28
743.29
743.3
743.31
743.32
743.33
743.34
743.35
743.36
743.37
743.38
743.39
743.4
743.41
743.42
743.43
743.44
743.45
743.46
743.47
743.48
743.49
743.5
743.51
743.52
743.53
743.54
743.55
743.56
743.57
743.58
743.59
743.6
743.61
743.62
743.63
743.64
743.65
743.66
743.67
743.68
743.69
743.7
743.71
743.72
743.73
743.74
743.75
743.76
743.77
743.78
743.79
743.8
743.81
743.82
743.83
743.84
743.85
743.86
743.87
743.88
743.89
743.9
743.91
743.92
743.93
743.94
743.95
743.96
743.97
743.98
743.99
744
744.01
744.02
744.03
744.04
744.05
744.06
744.07
744.08
744.09
744.1
744.11
744.12
744.13
744.14
744.15
744.16
744.17
744.18
744.19
744.2
744.21
744.22
744.23
744.24
744.25
744.26
744.27
744.28
744.29
744.3
744.31
744.32
744.33
744.34
744.35
744.36
744.37
744.38
744.39
744.4
744.41
744.42
744.43
744.44
744.45
744.46
744.47
744.48
744.49
744.5
744.51
744.52
744.53
744.54
744.55
744.56
744.57
744.58
744.59
744.6
744.61
744.62
744.63
744.64
744.65
744.66
744.67
744.68
744.69
744.7
744.71
744.72
744.73
744.74
744.75
744.76
744.77
744.78
744.79
744.8
744.81
744.82
744.83
744.84
744.85
744.86
744.87
744.88
744.89
744.9
744.91
744.92
744.93
744.94
744.95
744.96
744.97
744.98
744.99
745
745.01
745.02
745.03
745.04
745.05
745.06
745.07
745.08
745.09
745.1
745.11
745.12
745.13
745.14
745.15
745.16
745.17
745.18
745.19
745.2
745.21
745.22
745.23
745.24
745.25
745.26
745.27
745.28
745.29
745.3
745.31
745.32
745.33
745.34
745.35
745.36
745.37
745.38
745.39
745.4
745.41
745.42
745.43
745.44
745.45
745.46
745.47
745.48
745.49
745.5
745.51
745.52
745.53
745.54
745.55
745.56
745.57
745.58
745.59
745.6
745.61
745.62
745.63
745.64
745.65
745.66
745.67
745.68
745.69
745.7
745.71
745.72
745.73
745.74
745.75
745.76
745.77
745.78
745.79
745.8
745.81
745.82
745.83
745.84
745.85
745.86
745.87
745.88
745.89
745.9
745.91
745.92
745.93
745.94
745.95
745.96
745.97
745.98
745.99
746
746.01
746.02
746.03
746.04
746.05
746.06
746.07
746.08
746.09
746.1
746.11
746.12
746.13
746.14
746.15
746.16
746.17
746.18
746.19
746.2
746.21
746.22
746.23
746.24
746.25
746.26
746.27
746.28
746.29
746.3
746.31
746.32
746.33
746.34
746.35
746.36
746.37
746.38
746.39
746.4
746.41
746.42
746.43
746.44
746.45
746.46
746.47
746.48
746.49
746.5
746.51
746.52
746.53
746.54
746.55
746.56
746.57
746.58
746.59
746.6
746.61
746.62
746.63
746.64
746.65
746.66
746.67
746.68
746.69
746.7
746.71
746.72
746.73
746.74
746.75
746.76
746.77
746.78
746.79
746.8
746.81
746.82
746.83
746.84
746.85
746.86
746.87
746.88
746.89
746.9
746.91
746.92
746.93
746.94
746.95
746.96
746.97
746.98
746.99
747
747.01
747.02
747.03
747.04
747.05
747.06
747.07
747.08
747.09
747.1
747.11
747.12
747.13
747.14
747.15
747.16
747.17
747.18
747.19
747.2
747.21
747.22
747.23
747.24
747.25
747.26
747.27
747.28
747.29
747.3
747.31
747.32
747.33
747.34
747.35
747.36
747.37
747.38
747.39
747.4
747.41
747.42
747.43
747.44
747.45
747.46
747.47
747.48
747.49
747.5
747.51
747.52
747.53
747.54
747.55
747.56
747.57
747.58
747.59
747.6
747.61
747.62
747.63
747.64
747.65
747.66
747.67
747.68
747.69
747.7
747.71
747.72
747.73
747.74
747.75
747.76
747.77
747.78
747.79
747.8
747.81
747.82
747.83
747.84
747.85
747.86
747.87
747.88
747.89
747.9
747.91
747.92
747.93
747.94
747.95
747.96
747.97
747.98
747.99
748
748.01
748.02
748.03
748.04
748.05
748.06
748.07
748.08
748.09
748.1
748.11
748.12
748.13
748.14
748.15
748.16
748.17
748.18
748.19
748.2
748.21
748.22
748.23
748.24
748.25
748.26
748.27
748.28
748.29
748.3
748.31
748.32
748.33
748.34
748.35
748.36
748.37
748.38
748.39
748.4
748.41
748.42
748.43
748.44
748.45
748.46
748.47
748.48
748.49
748.5
748.51
748.52
748.53
748.54
748.55
748.56
748.57
748.58
748.59
748.6
748.61
748.62
748.63
748.64
748.65
748.66
748.67
748.68
748.69
748.7
748.71
748.72
748.73
748.74
748.75
748.76
748.77
748.78
748.79
748.8
748.81
748.82
748.83
748.84
748.85
748.86
748.87
748.88
748.89
748.9
748.91
748.92
748.93
748.94
748.95
748.96
748.97
748.98
748.99
749
749.01
749.02
749.03
749.04
749.05
749.06
749.07
749.08
749.09
749.1
749.11
749.12
749.13
749.14
749.15
749.16
749.17
749.18
749.19
749.2
749.21
749.22
749.23
749.24
749.25
749.26
749.27
749.28
749.29
749.3
749.31
749.32
749.33
749.34
749.35
749.36
749.37
749.38
749.39
749.4
749.41
749.42
749.43
749.44
749.45
749.46
749.47
749.48
749.49
749.5
749.51
749.52
749.53
749.54
749.55
749.56
749.57
749.58
749.59
749.6
749.61
749.62
749.63
749.64
749.65
749.66
749.67
749.68
749.69
749.7
749.71
749.72
749.73
749.74
749.75
749.76
749.77
749.78
749.79
749.8
749.81
749.82
749.83
749.84
749.85
749.86
749.87
749.88
749.89
749.9
749.91
749.92
749.93
749.94
749.95
749.96
749.97
749.98
749.99
750
750.01
750.02
750.03
750.04
750.05
750.06
750.07
750.08
750.09
750.1
750.11
750.12
750.13
750.14
750.15
750.16
750.17
750.18
750.19
750.2
750.21
750.22
750.23
750.24
750.25
750.26
750.27
750.28
750.29
750.3
750.31
750.32
750.33
750.34
750.35
750.36
750.37
750.38
750.39
750.4
750.41
750.42
750.43
750.44
750.45
750.46
750.47
750.48
750.49
750.5
750.51
750.52
750.53
750.54
750.55
750.56
750.57
750.58
750.59
750.6
750.61
750.62
750.63
750.64
750.65
750.66
750.67
750.68
750.69
750.7
750.71
750.72
750.73
750.74
750.75
750.76
750.77
750.78
750.79
750.8
750.81
750.82
750.83
750.84
750.85
750.86
750.87
750.88
750.89
750.9
750.91
750.92
750.93
750.94
750.95
750.96
750.97
750.98
750.99
751
751.01
751.02
751.03
751.04
751.05
751.06
751.07
751.08
751.09
751.1
751.11
751.12
751.13
751.14
751.15
751.16
751.17
751.18
751.19
751.2
751.21
751.22
751.23
751.24
751.25
751.26
751.27
751.28
751.29
751.3
751.31
751.32
751.33
751.34
751.35
751.36
751.37
751.38
751.39
751.4
751.41
751.42
751.43
751.44
751.45
751.46
751.47
751.48
751.49
751.5
751.51
751.52
751.53
751.54
751.55
751.56
751.57
751.58
751.59
751.6
751.61
751.62
751.63
751.64
751.65
751.66
751.67
751.68
751.69
751.7
751.71
751.72
751.73
751.74
751.75
751.76
751.77
751.78
751.79
751.8
751.81
751.82
751.83
751.84
751.85
751.86
751.87
751.88
751.89
751.9
751.91
751.92
751.93
751.94
751.95
751.96
751.97
751.98
751.99
752
752.01
752.02
752.03
752.04
752.05
752.06
752.07
752.08
752.09
752.1
752.11
752.12
752.13
752.14
752.15
752.16
752.17
752.18
752.19
752.2
752.21
752.22
752.23
752.24
752.25
752.26
752.27
752.28
752.29
752.3
752.31
752.32
752.33
752.34
752.35
752.36
752.37
752.38
752.39
752.4
752.41
752.42
752.43
752.44
752.45
752.46
752.47
752.48
752.49
752.5
752.51
752.52
752.53
752.54
752.55
752.56
752.57
752.58
752.59
752.6
752.61
752.62
752.63
752.64
752.65
752.66
752.67
752.68
752.69
752.7
752.71
752.72
752.73
752.74
752.75
752.76
752.77
752.78
752.79
752.8
752.81
752.82
752.83
752.84
752.85
752.86
752.87
752.88
752.89
752.9
752.91
752.92
752.93
752.94
752.95
752.96
752.97
752.98
752.99
753
753.01
753.02
753.03
753.04
753.05
753.06
753.07
753.08
753.09
753.1
753.11
753.12
753.13
753.14
753.15
753.16
753.17
753.18
753.19
753.2
753.21
753.22
753.23
753.24
753.25
753.26
753.27
753.28
753.29
753.3
753.31
753.32
753.33
753.34
753.35
753.36
753.37
753.38
753.39
753.4
753.41
753.42
753.43
753.44
753.45
753.46
753.47
753.48
753.49
753.5
753.51
753.52
753.53
753.54
753.55
753.56
753.57
753.58
753.59
753.6
753.61
753.62
753.63
753.64
753.65
753.66
753.67
753.68
753.69
753.7
753.71
753.72
753.73
753.74
753.75
753.76
753.77
753.78
753.79
753.8
753.81
753.82
753.83
753.84
753.85
753.86
753.87
753.88
753.89
753.9
753.91
753.92
753.93
753.94
753.95
753.96
753.97
753.98
753.99
754
754.01
754.02
754.03
754.04
754.05
754.06
754.07
754.08
754.09
754.1
754.11
754.12
754.13
754.14
754.15
754.16
754.17
754.18
754.19
754.2
754.21
754.22
754.23
754.24
754.25
754.26
754.27
754.28
754.29
754.3
754.31
754.32
754.33
754.34
754.35
754.36
754.37
754.38
754.39
754.4
754.41
754.42
754.43
754.44
754.45
754.46
754.47
754.48
754.49
754.5
754.51
754.52
754.53
754.54
754.55
754.56
754.57
754.58
754.59
754.6
754.61
754.62
754.63
754.64
754.65
754.66
754.67
754.68
754.69
754.7
754.71
754.72
754.73
754.74
754.75
754.76
754.77
754.78
754.79
754.8
754.81
754.82
754.83
754.84
754.85
754.86
754.87
754.88
754.89
754.9
754.91
754.92
754.93
754.94
754.95
754.96
754.97
754.98
754.99
755
755.01
755.02
755.03
755.04
755.05
755.06
755.07
755.08
755.09
755.1
755.11
755.12
755.13
755.14
755.15
755.16
755.17
755.18
755.19
755.2
755.21
755.22
755.23
755.24
755.25
755.26
755.27
755.28
755.29
755.3
755.31
755.32
755.33
755.34
755.35
755.36
755.37
755.38
755.39
755.4
755.41
755.42
755.43
755.44
755.45
755.46
755.47
755.48
755.49
755.5
755.51
755.52
755.53
755.54
755.55
755.56
755.57
755.58
755.59
755.6
755.61
755.62
755.63
755.64
755.65
755.66
755.67
755.68
755.69
755.7
755.71
755.72
755.73
755.74
755.75
755.76
755.77
755.78
755.79
755.8
755.81
755.82
755.83
755.84
755.85
755.86
755.87
755.88
755.89
755.9
755.91
755.92
755.93
755.94
755.95
755.96
755.97
755.98
755.99
756
756.01
756.02
756.03
756.04
756.05
756.06
756.07
756.08
756.09
756.1
756.11
756.12
756.13
756.14
756.15
756.16
756.17
756.18
756.19
756.2
756.21
756.22
756.23
756.24
756.25
756.26
756.27
756.28
756.29
756.3
756.31
756.32
756.33
756.34
756.35
756.36
756.37
756.38
756.39
756.4
756.41
756.42
756.43
756.44
756.45
756.46
756.47
756.48
756.49
756.5
756.51
756.52
756.53
756.54
756.55
756.56
756.57
756.58
756.59
756.6
756.61
756.62
756.63
756.64
756.65
756.66
756.67
756.68
756.69
756.7
756.71
756.72
756.73
756.74
756.75
756.76
756.77
756.78
756.79
756.8
756.81
756.82
756.83
756.84
756.85
756.86
756.87
756.88
756.89
756.9
756.91
756.92
756.93
756.94
756.95
756.96
756.97
756.98
756.99
757
757.01
757.02
757.03
757.04
757.05
757.06
757.07
757.08
757.09
757.1
757.11
757.12
757.13
757.14
757.15
757.16
757.17
757.18
757.19
757.2
757.21
757.22
757.23
757.24
757.25
757.26
757.27
757.28
757.29
757.3
757.31
757.32
757.33
757.34
757.35
757.36
757.37
757.38
757.39
757.4
757.41
757.42
757.43
757.44
757.45
757.46
757.47
757.48
757.49
757.5
757.51
757.52
757.53
757.54
757.55
757.56
757.57
757.58
757.59
757.6
757.61
757.62
757.63
757.64
757.65
757.66
757.67
757.68
757.69
757.7
757.71
757.72
757.73
757.74
757.75
757.76
757.77
757.78
757.79
757.8
757.81
757.82
757.83
757.84
757.85
757.86
757.87
757.88
757.89
757.9
757.91
757.92
757.93
757.94
757.95
757.96
757.97
757.98
757.99
758
758.01
758.02
758.03
758.04
758.05
758.06
758.07
758.08
758.09
758.1
758.11
758.12
758.13
758.14
758.15
758.16
758.17
758.18
758.19
758.2
758.21
758.22
758.23
758.24
758.25
758.26
758.27
758.28
758.29
758.3
758.31
758.32
758.33
758.34
758.35
758.36
758.37
758.38
758.39
758.4
758.41
758.42
758.43
758.44
758.45
758.46
758.47
758.48
758.49
758.5
758.51
758.52
758.53
758.54
758.55
758.56
758.57
758.58
758.59
758.6
758.61
758.62
758.63
758.64
758.65
758.66
758.67
758.68
758.69
758.7
758.71
758.72
758.73
758.74
758.75
758.76
758.77
758.78
758.79
758.8
758.81
758.82
758.83
758.84
758.85
758.86
758.87
758.88
758.89
758.9
758.91
758.92
758.93
758.94
758.95
758.96
758.97
758.98
758.99
759
759.01
759.02
759.03
759.04
759.05
759.06
759.07
759.08
759.09
759.1
759.11
759.12
759.13
759.14
759.15
759.16
759.17
759.18
759.19
759.2
759.21
759.22
759.23
759.24
759.25
759.26
759.27
759.28
759.29
759.3
759.31
759.32
759.33
759.34
759.35
759.36
759.37
759.38
759.39
759.4
759.41
759.42
759.43
759.44
759.45
759.46
759.47
759.48
759.49
759.5
759.51
759.52
759.53
759.54
759.55
759.56
759.57
759.58
759.59
759.6
759.61
759.62
759.63
759.64
759.65
759.66
759.67
759.68
759.69
759.7
759.71
759.72
759.73
759.74
759.75
759.76
759.77
759.78
759.79
759.8
759.81
759.82
759.83
759.84
759.85
759.86
759.87
759.88
759.89
759.9
759.91
759.92
759.93
759.94
759.95
759.96
759.97
759.98
759.99
760
760.01
760.02
760.03
760.04
760.05
760.06
760.07
760.08
760.09
760.1
760.11
760.12
760.13
760.14
760.15
760.16
760.17
760.18
760.19
760.2
760.21
760.22
760.23
760.24
760.25
760.26
760.27
760.28
760.29
760.3
760.31
760.32
760.33
760.34
760.35
760.36
760.37
760.38
760.39
760.4
760.41
760.42
760.43
760.44
760.45
760.46
760.47
760.48
760.49
760.5
760.51
760.52
760.53
760.54
760.55
760.56
760.57
760.58
760.59
760.6
760.61
760.62
760.63
760.64
760.65
760.66
760.67
760.68
760.69
760.7
760.71
760.72
760.73
760.74
760.75
760.76
760.77
760.78
760.79
760.8
760.81
760.82
760.83
760.84
760.85
760.86
760.87
760.88
760.89
760.9
760.91
760.92
760.93
760.94
760.95
760.96
760.97
760.98
760.99
761
761.01
761.02
761.03
761.04
761.05
761.06
761.07
761.08
761.09
761.1
761.11
761.12
761.13
761.14
761.15
761.16
761.17
761.18
761.19
761.2
761.21
761.22
761.23
761.24
761.25
761.26
761.27
761.28
761.29
761.3
761.31
761.32
761.33
761.34
761.35
761.36
761.37
761.38
761.39
761.4
761.41
761.42
761.43
761.44
761.45
761.46
761.47
761.48
761.49
761.5
761.51
761.52
761.53
761.54
761.55
761.56
761.57
761.58
761.59
761.6
761.61
761.62
761.63
761.64
761.65
761.66
761.67
761.68
761.69
761.7
761.71
761.72
761.73
761.74
761.75
761.76
761.77
761.78
761.79
761.8
761.81
761.82
761.83
761.84
761.85
761.86
761.87
761.88
761.89
761.9
761.91
761.92
761.93
761.94
761.95
761.96
761.97
761.98
761.99
762
762.01
762.02
762.03
762.04
762.05
762.06
762.07
762.08
762.09
762.1
762.11
762.12
762.13
762.14
762.15
762.16
762.17
762.18
762.19
762.2
762.21
762.22
762.23
762.24
762.25
762.26
762.27
762.28
762.29
762.3
762.31
762.32
762.33
762.34
762.35
762.36
762.37
762.38
762.39
762.4
762.41
762.42
762.43
762.44
762.45
762.46
762.47
762.48
762.49
762.5
762.51
762.52
762.53
762.54
762.55
762.56
762.57
762.58
762.59
762.6
762.61
762.62
762.63
762.64
762.65
762.66
762.67
762.68
762.69
762.7
762.71
762.72
762.73
762.74
762.75
762.76
762.77
762.78
762.79
762.8
762.81
762.82
762.83
762.84
762.85
762.86
762.87
762.88
762.89
762.9
762.91
762.92
762.93
762.94
762.95
762.96
762.97
762.98
762.99
763
763.01
763.02
763.03
763.04
763.05
763.06
763.07
763.08
763.09
763.1
763.11
763.12
763.13
763.14
763.15
763.16
763.17
763.18
763.19
763.2
763.21
763.22
763.23
763.24
763.25
763.26
763.27
763.28
763.29
763.3
763.31
763.32
763.33
763.34
763.35
763.36
763.37
763.38
763.39
763.4
763.41
763.42
763.43
763.44
763.45
763.46
763.47
763.48
763.49
763.5
763.51
763.52
763.53
763.54
763.55
763.56
763.57
763.58
763.59
763.6
763.61
763.62
763.63
763.64
763.65
763.66
763.67
763.68
763.69
763.7
763.71
763.72
763.73
763.74
763.75
763.76
763.77
763.78
763.79
763.8
763.81
763.82
763.83
763.84
763.85
763.86
763.87
763.88
763.89
763.9
763.91
763.92
763.93
763.94
763.95
763.96
763.97
763.98
763.99
764
764.01
764.02
764.03
764.04
764.05
764.06
764.07
764.08
764.09
764.1
764.11
764.12
764.13
764.14
764.15
764.16
764.17
764.18
764.19
764.2
764.21
764.22
764.23
764.24
764.25
764.26
764.27
764.28
764.29
764.3
764.31
764.32
764.33
764.34
764.35
764.36
764.37
764.38
764.39
764.4
764.41
764.42
764.43
764.44
764.45
764.46
764.47
764.48
764.49
764.5
764.51
764.52
764.53
764.54
764.55
764.56
764.57
764.58
764.59
764.6
764.61
764.62
764.63
764.64
764.65
764.66
764.67
764.68
764.69
764.7
764.71
764.72
764.73
764.74
764.75
764.76
764.77
764.78
764.79
764.8
764.81
764.82
764.83
764.84
764.85
764.86
764.87
764.88
764.89
764.9
764.91
764.92
764.93
764.94
764.95
764.96
764.97
764.98
764.99
765
765.01
765.02
765.03
765.04
765.05
765.06
765.07
765.08
765.09
765.1
765.11
765.12
765.13
765.14
765.15
765.16
765.17
765.18
765.19
765.2
765.21
765.22
765.23
765.24
765.25
765.26
765.27
765.28
765.29
765.3
765.31
765.32
765.33
765.34
765.35
765.36
765.37
765.38
765.39
765.4
765.41
765.42
765.43
765.44
765.45
765.46
765.47
765.48
765.49
765.5
765.51
765.52
765.53
765.54
765.55
765.56
765.57
765.58
765.59
765.6
765.61
765.62
765.63
765.64
765.65
765.66
765.67
765.68
765.69
765.7
765.71
765.72
765.73
765.74
765.75
765.76
765.77
765.78
765.79
765.8
765.81
765.82
765.83
765.84
765.85
765.86
765.87
765.88
765.89
765.9
765.91
765.92
765.93
765.94
765.95
765.96
765.97
765.98
765.99
766
766.01
766.02
766.03
766.04
766.05
766.06
766.07
766.08
766.09
766.1
766.11
766.12
766.13
766.14
766.15
766.16
766.17
766.18
766.19
766.2
766.21
766.22
766.23
766.24
766.25
766.26
766.27
766.28
766.29
766.3
766.31
766.32
766.33
766.34
766.35
766.36
766.37
766.38
766.39
766.4
766.41
766.42
766.43
766.44
766.45
766.46
766.47
766.48
766.49
766.5
766.51
766.52
766.53
766.54
766.55
766.56
766.57
766.58
766.59
766.6
766.61
766.62
766.63
766.64
766.65
766.66
766.67
766.68
766.69
766.7
766.71
766.72
766.73
766.74
766.75
766.76
766.77
766.78
766.79
766.8
766.81
766.82
766.83
766.84
766.85
766.86
766.87
766.88
766.89
766.9
766.91
766.92
766.93
766.94
766.95
766.96
766.97
766.98
766.99
767
767.01
767.02
767.03
767.04
767.05
767.06
767.07
767.08
767.09
767.1
767.11
767.12
767.13
767.14
767.15
767.16
767.17
767.18
767.19
767.2
767.21
767.22
767.23
767.24
767.25
767.26
767.27
767.28
767.29
767.3
767.31
767.32
767.33
767.34
767.35
767.36
767.37
767.38
767.39
767.4
767.41
767.42
767.43
767.44
767.45
767.46
767.47
767.48
767.49
767.5
767.51
767.52
767.53
767.54
767.55
767.56
767.57
767.58
767.59
767.6
767.61
767.62
767.63
767.64
767.65
767.66
767.67
767.68
767.69
767.7
767.71
767.72
767.73
767.74
767.75
767.76
767.77
767.78
767.79
767.8
767.81
767.82
767.83
767.84
767.85
767.86
767.87
767.88
767.89
767.9
767.91
767.92
767.93
767.94
767.95
767.96
767.97
767.98
767.99
768
768.01
768.02
768.03
768.04
768.05
768.06
768.07
768.08
768.09
768.1
768.11
768.12
768.13
768.14
768.15
768.16
768.17
768.18
768.19
768.2
768.21
768.22
768.23
768.24
768.25
768.26
768.27
768.28
768.29
768.3
768.31
768.32
768.33
768.34
768.35
768.36
768.37
768.38
768.39
768.4
768.41
768.42
768.43
768.44
768.45
768.46
768.47
768.48
768.49
768.5
768.51
768.52
768.53
768.54
768.55
768.56
768.57
768.58
768.59
768.6
768.61
768.62
768.63
768.64
768.65
768.66
768.67
768.68
768.69
768.7
768.71
768.72
768.73
768.74
768.75
768.76
768.77
768.78
768.79
768.8
768.81
768.82
768.83
768.84
768.85
768.86
768.87
768.88
768.89
768.9
768.91
768.92
768.93
768.94
768.95
768.96
768.97
768.98
768.99
769
769.01
769.02
769.03
769.04
769.05
769.06
769.07
769.08
769.09
769.1
769.11
769.12
769.13
769.14
769.15
769.16
769.17
769.18
769.19
769.2
769.21
769.22
769.23
769.24
769.25
769.26
769.27
769.28
769.29
769.3
769.31
769.32
769.33
769.34
769.35
769.36
769.37
769.38
769.39
769.4
769.41
769.42
769.43
769.44
769.45
769.46
769.47
769.48
769.49
769.5
769.51
769.52
769.53
769.54
769.55
769.56
769.57
769.58
769.59
769.6
769.61
769.62
769.63
769.64
769.65
769.66
769.67
769.68
769.69
769.7
769.71
769.72
769.73
769.74
769.75
769.76
769.77
769.78
769.79
769.8
769.81
769.82
769.83
769.84
769.85
769.86
769.87
769.88
769.89
769.9
769.91
769.92
769.93
769.94
769.95
769.96
769.97
769.98
769.99
770
770.01
770.02
770.03
770.04
770.05
770.06
770.07
770.08
770.09
770.1
770.11
770.12
770.13
770.14
770.15
770.16
770.17
770.18
770.19
770.2
770.21
770.22
770.23
770.24
770.25
770.26
770.27
770.28
770.29
770.3
770.31
770.32
770.33
770.34
770.35
770.36
770.37
770.38
770.39
770.4
770.41
770.42
770.43
770.44
770.45
770.46
770.47
770.48
770.49
770.5
770.51
770.52
770.53
770.54
770.55
770.56
770.57
770.58
770.59
770.6
770.61
770.62
770.63
770.64
770.65
770.66
770.67
770.68
770.69
770.7
770.71
770.72
770.73
770.74
770.75
770.76
770.77
770.78
770.79
770.8
770.81
770.82
770.83
770.84
770.85
770.86
770.87
770.88
770.89
770.9
770.91
770.92
770.93
770.94
770.95
770.96
770.97
770.98
770.99
771
771.01
771.02
771.03
771.04
771.05
771.06
771.07
771.08
771.09
771.1
771.11
771.12
771.13
771.14
771.15
771.16
771.17
771.18
771.19
771.2
771.21
771.22
771.23
771.24
771.25
771.26
771.27
771.28
771.29
771.3
771.31
771.32
771.33
771.34
771.35
771.36
771.37
771.38
771.39
771.4
771.41
771.42
771.43
771.44
771.45
771.46
771.47
771.48
771.49
771.5
771.51
771.52
771.53
771.54
771.55
771.56
771.57
771.58
771.59
771.6
771.61
771.62
771.63
771.64
771.65
771.66
771.67
771.68
771.69
771.7
771.71
771.72
771.73
771.74
771.75
771.76
771.77
771.78
771.79
771.8
771.81
771.82
771.83
771.84
771.85
771.86
771.87
771.88
771.89
771.9
771.91
771.92
771.93
771.94
771.95
771.96
771.97
771.98
771.99
772
772.01
772.02
772.03
772.04
772.05
772.06
772.07
772.08
772.09
772.1
772.11
772.12
772.13
772.14
772.15
772.16
772.17
772.18
772.19
772.2
772.21
772.22
772.23
772.24
772.25
772.26
772.27
772.28
772.29
772.3
772.31
772.32
772.33
772.34
772.35
772.36
772.37
772.38
772.39
772.4
772.41
772.42
772.43
772.44
772.45
772.46
772.47
772.48
772.49
772.5
772.51
772.52
772.53
772.54
772.55
772.56
772.57
772.58
772.59
772.6
772.61
772.62
772.63
772.64
772.65
772.66
772.67
772.68
772.69
772.7
772.71
772.72
772.73
772.74
772.75
772.76
772.77
772.78
772.79
772.8
772.81
772.82
772.83
772.84
772.85
772.86
772.87
772.88
772.89
772.9
772.91
772.92
772.93
772.94
772.95
772.96
772.97
772.98
772.99
773
773.01
773.02
773.03
773.04
773.05
773.06
773.07
773.08
773.09
773.1
773.11
773.12
773.13
773.14
773.15
773.16
773.17
773.18
773.19
773.2
773.21
773.22
773.23
773.24
773.25
773.26
773.27
773.28
773.29
773.3
773.31
773.32
773.33
773.34
773.35
773.36
773.37
773.38
773.39
773.4
773.41
773.42
773.43
773.44
773.45
773.46
773.47
773.48
773.49
773.5
773.51
773.52
773.53
773.54
773.55
773.56
773.57
773.58
773.59
773.6
773.61
773.62
773.63
773.64
773.65
773.66
773.67
773.68
773.69
773.7
773.71
773.72
773.73
773.74
773.75
773.76
773.77
773.78
773.79
773.8
773.81
773.82
773.83
773.84
773.85
773.86
773.87
773.88
773.89
773.9
773.91
773.92
773.93
773.94
773.95
773.96
773.97
773.98
773.99
774
774.01
774.02
774.03
774.04
774.05
774.06
774.07
774.08
774.09
774.1
774.11
774.12
774.13
774.14
774.15
774.16
774.17
774.18
774.19
774.2
774.21
774.22
774.23
774.24
774.25
774.26
774.27
774.28
774.29
774.3
774.31
774.32
774.33
774.34
774.35
774.36
774.37
774.38
774.39
774.4
774.41
774.42
774.43
774.44
774.45
774.46
774.47
774.48
774.49
774.5
774.51
774.52
774.53
774.54
774.55
774.56
774.57
774.58
774.59
774.6
774.61
774.62
774.63
774.64
774.65
774.66
774.67
774.68
774.69
774.7
774.71
774.72
774.73
774.74
774.75
774.76
774.77
774.78
774.79
774.8
774.81
774.82
774.83
774.84
774.85
774.86
774.87
774.88
774.89
774.9
774.91
774.92
774.93
774.94
774.95
774.96
774.97
774.98
774.99
775
775.01
775.02
775.03
775.04
775.05
775.06
775.07
775.08
775.09
775.1
775.11
775.12
775.13
775.14
775.15
775.16
775.17
775.18
775.19
775.2
775.21
775.22
775.23
775.24
775.25
775.26
775.27
775.28
775.29
775.3
775.31
775.32
775.33
775.34
775.35
775.36
775.37
775.38
775.39
775.4
775.41
775.42
775.43
775.44
775.45
775.46
775.47
775.48
775.49
775.5
775.51
775.52
775.53
775.54
775.55
775.56
775.57
775.58
775.59
775.6
775.61
775.62
775.63
775.64
775.65
775.66
775.67
775.68
775.69
775.7
775.71
775.72
775.73
775.74
775.75
775.76
775.77
775.78
775.79
775.8
775.81
775.82
775.83
775.84
775.85
775.86
775.87
775.88
775.89
775.9
775.91
775.92
775.93
775.94
775.95
775.96
775.97
775.98
775.99
776
776.01
776.02
776.03
776.04
776.05
776.06
776.07
776.08
776.09
776.1
776.11
776.12
776.13
776.14
776.15
776.16
776.17
776.18
776.19
776.2
776.21
776.22
776.23
776.24
776.25
776.26
776.27
776.28
776.29
776.3
776.31
776.32
776.33
776.34
776.35
776.36
776.37
776.38
776.39
776.4
776.41
776.42
776.43
776.44
776.45
776.46
776.47
776.48
776.49
776.5
776.51
776.52
776.53
776.54
776.55
776.56
776.57
776.58
776.59
776.6
776.61
776.62
776.63
776.64
776.65
776.66
776.67
776.68
776.69
776.7
776.71
776.72
776.73
776.74
776.75
776.76
776.77
776.78
776.79
776.8
776.81
776.82
776.83
776.84
776.85
776.86
776.87
776.88
776.89
776.9
776.91
776.92
776.93
776.94
776.95
776.96
776.97
776.98
776.99
777
777.01
777.02
777.03
777.04
777.05
777.06
777.07
777.08
777.09
777.1
777.11
777.12
777.13
777.14
777.15
777.16
777.17
777.18
777.19
777.2
777.21
777.22
777.23
777.24
777.25
777.26
777.27
777.28
777.29
777.3
777.31
777.32
777.33
777.34
777.35
777.36
777.37
777.38
777.39
777.4
777.41
777.42
777.43
777.44
777.45
777.46
777.47
777.48
777.49
777.5
777.51
777.52
777.53
777.54
777.55
777.56
777.57
777.58
777.59
777.6
777.61
777.62
777.63
777.64
777.65
777.66
777.67
777.68
777.69
777.7
777.71
777.72
777.73
777.74
777.75
777.76
777.77
777.78
777.79
777.8
777.81
777.82
777.83
777.84
777.85
777.86
777.87
777.88
777.89
777.9
777.91
777.92
777.93
777.94
777.95
777.96
777.97
777.98
777.99
778
778.01
778.02
778.03
778.04
778.05
778.06
778.07
778.08
778.09
778.1
778.11
778.12
778.13
778.14
778.15
778.16
778.17
778.18
778.19
778.2
778.21
778.22
778.23
778.24
778.25
778.26
778.27
778.28
778.29
778.3
778.31
778.32
778.33
778.34
778.35
778.36
778.37
778.38
778.39
778.4
778.41
778.42
778.43
778.44
778.45
778.46
778.47
778.48
778.49
778.5
778.51
778.52
778.53
778.54
778.55
778.56
778.57
778.58
778.59
778.6
778.61
778.62
778.63
778.64
778.65
778.66
778.67
778.68
778.69
778.7
778.71
778.72
778.73
778.74
778.75
778.76
778.77
778.78
778.79
778.8
778.81
778.82
778.83
778.84
778.85
778.86
778.87
778.88
778.89
778.9
778.91
778.92
778.93
778.94
778.95
778.96
778.97
778.98
778.99
779
779.01
779.02
779.03
779.04
779.05
779.06
779.07
779.08
779.09
779.1
779.11
779.12
779.13
779.14
779.15
779.16
779.17
779.18
779.19
779.2
779.21
779.22
779.23
779.24
779.25
779.26
779.27
779.28
779.29
779.3
779.31
779.32
779.33
779.34
779.35
779.36
779.37
779.38
779.39
779.4
779.41
779.42
779.43
779.44
779.45
779.46
779.47
779.48
779.49
779.5
779.51
779.52
779.53
779.54
779.55
779.56
779.57
779.58
779.59
779.6
779.61
779.62
779.63
779.64
779.65
779.66
779.67
779.68
779.69
779.7
779.71
779.72
779.73
779.74
779.75
779.76
779.77
779.78
779.79
779.8
779.81
779.82
779.83
779.84
779.85
779.86
779.87
779.88
779.89
779.9
779.91
779.92
779.93
779.94
779.95
779.96
779.97
779.98
779.99
780
780.01
780.02
780.03
780.04
780.05
780.06
780.07
780.08
780.09
780.1
780.11
780.12
780.13
780.14
780.15
780.16
780.17
780.18
780.19
780.2
780.21
780.22
780.23
780.24
780.25
780.26
780.27
780.28
780.29
780.3
780.31
780.32
780.33
780.34
780.35
780.36
780.37
780.38
780.39
780.4
780.41
780.42
780.43
780.44
780.45
780.46
780.47
780.48
780.49
780.5
780.51
780.52
780.53
780.54
780.55
780.56
780.57
780.58
780.59
780.6
780.61
780.62
780.63
780.64
780.65
780.66
780.67
780.68
780.69
780.7
780.71
780.72
780.73
780.74
780.75
780.76
780.77
780.78
780.79
780.8
780.81
780.82
780.83
780.84
780.85
780.86
780.87
780.88
780.89
780.9
780.91
780.92
780.93
780.94
780.95
780.96
780.97
780.98
780.99
781
781.01
781.02
781.03
781.04
781.05
781.06
781.07
781.08
781.09
781.1
781.11
781.12
781.13
781.14
781.15
781.16
781.17
781.18
781.19
781.2
781.21
781.22
781.23
781.24
781.25
781.26
781.27
781.28
781.29
781.3
781.31
781.32
781.33
781.34
781.35
781.36
781.37
781.38
781.39
781.4
781.41
781.42
781.43
781.44
781.45
781.46
781.47
781.48
781.49
781.5
781.51
781.52
781.53
781.54
781.55
781.56
781.57
781.58
781.59
781.6
781.61
781.62
781.63
781.64
781.65
781.66
781.67
781.68
781.69
781.7
781.71
781.72
781.73
781.74
781.75
781.76
781.77
781.78
781.79
781.8
781.81
781.82
781.83
781.84
781.85
781.86
781.87
781.88
781.89
781.9
781.91
781.92
781.93
781.94
781.95
781.96
781.97
781.98
781.99
782
